     0.000000         -NaN
   0.00100000         -NaN
   0.00200000         -NaN
   0.00300000         -NaN
   0.00400000         -NaN
   0.00500000         -NaN
   0.00600000         -NaN
   0.00700000         -NaN
   0.00800000         -NaN
   0.00900000         -NaN
    0.0100000         -NaN
    0.0110000         -NaN
    0.0120000         -NaN
    0.0130000         -NaN
    0.0140000         -NaN
    0.0150000         -NaN
    0.0160000         -NaN
    0.0170000         -NaN
    0.0180000         -NaN
    0.0190000         -NaN
    0.0200000         -NaN
    0.0210000         -NaN
    0.0220000         -NaN
    0.0230000         -NaN
    0.0240000         -NaN
    0.0250000         -NaN
    0.0260000         -NaN
    0.0270000         -NaN
    0.0280000         -NaN
    0.0290000         -NaN
    0.0300000         -NaN
    0.0310000         -NaN
    0.0320000         -NaN
    0.0330000         -NaN
    0.0340000         -NaN
    0.0350000         -NaN
    0.0360000         -NaN
    0.0370000         -NaN
    0.0380000         -NaN
    0.0390000         -NaN
    0.0400000         -NaN
    0.0410000         -NaN
    0.0420000         -NaN
    0.0430000         -NaN
    0.0440000         -NaN
    0.0450000         -NaN
    0.0460000         -NaN
    0.0470000         -NaN
    0.0480000         -NaN
    0.0490000         -NaN
    0.0500000         -NaN
    0.0510000         -NaN
    0.0520000         -NaN
    0.0530000         -NaN
    0.0540000         -NaN
    0.0550000         -NaN
    0.0560000         -NaN
    0.0570000         -NaN
    0.0580000         -NaN
    0.0590000         -NaN
    0.0600000         -NaN
    0.0610000         -NaN
    0.0620000         -NaN
    0.0630000         -NaN
    0.0640000         -NaN
    0.0650000         -NaN
    0.0660000         -NaN
    0.0670000         -NaN
    0.0680000         -NaN
    0.0690000         -NaN
    0.0700000         -NaN
    0.0710000         -NaN
    0.0720000         -NaN
    0.0730000         -NaN
    0.0740000         -NaN
    0.0750000         -NaN
    0.0760000         -NaN
    0.0770000         -NaN
    0.0780000         -NaN
    0.0790000         -NaN
    0.0800000         -NaN
    0.0810000         -NaN
    0.0820000         -NaN
    0.0830000         -NaN
    0.0840000         -NaN
    0.0850000         -NaN
    0.0860000         -NaN
    0.0870000         -NaN
    0.0880000         -NaN
    0.0890000         -NaN
    0.0900000         -NaN
    0.0910000         -NaN
    0.0920000         -NaN
    0.0930000         -NaN
    0.0940000         -NaN
    0.0950000         -NaN
    0.0960000         -NaN
    0.0970000         -NaN
    0.0980000         -NaN
    0.0990000         -NaN
     0.100000         -NaN
     0.101000         -NaN
     0.102000         -NaN
     0.103000      297.325
     0.104000      296.886
     0.105000      296.443
     0.106000      295.998
     0.107000      295.551
     0.108000      295.101
     0.109000      294.650
     0.110000      294.197
     0.111000      293.742
     0.112000      293.286
     0.113000      292.828
     0.114000      292.369
     0.115000      291.909
     0.116000      291.448
     0.117000      290.985
     0.118000      290.523
     0.119000      290.059
     0.120000      289.594
     0.121000      289.130
     0.122000      288.664
     0.123000      288.198
     0.124000      287.732
     0.125000      287.265
     0.126000      286.798
     0.127000      286.331
     0.128000      285.864
     0.129000      285.397
     0.130000      284.929
     0.131000      284.461
     0.132000      283.994
     0.133000      283.526
     0.134000      283.059
     0.135000      282.591
     0.136000      282.124
     0.137000      281.656
     0.138000      281.189
     0.139000      280.722
     0.140000      280.255
     0.141000      279.788
     0.142000      279.321
     0.143000      278.855
     0.144000      278.388
     0.145000      277.922
     0.146000      277.456
     0.147000      276.990
     0.148000      276.524
     0.149000      276.059
     0.150000      275.594
     0.151000      275.128
     0.152000      274.663
     0.153000      274.198
     0.154000      273.734
     0.155000      273.269
     0.156000      272.805
     0.157000      272.340
     0.158000      271.876
     0.159000      271.412
     0.160000      270.948
     0.161000      270.485
     0.162000      270.021
     0.163000      269.557
     0.164000      269.094
     0.165000      268.630
     0.166000      268.167
     0.167000      267.704
     0.168000      267.240
     0.169000      266.777
     0.170000      266.314
     0.171000      265.851
     0.172000      265.388
     0.173000      264.925
     0.174000      264.462
     0.175000      263.999
     0.176000      263.535
     0.177000      263.072
     0.178000      262.609
     0.179000      262.146
     0.180000      261.683
     0.181000      261.220
     0.182000      260.756
     0.183000      260.293
     0.184000      259.830
     0.185000      259.366
     0.186000      258.903
     0.187000      258.439
     0.188000      257.975
     0.189000      257.512
     0.190000      257.048
     0.191000      256.584
     0.192000      256.120
     0.193000      255.656
     0.194000      255.191
     0.195000      254.727
     0.196000      254.263
     0.197000      253.798
     0.198000      253.333
     0.199000      252.869
     0.200000      252.404
     0.201000      251.939
     0.202000      251.474
     0.203000      251.008
     0.204000      250.543
     0.205000      250.078
     0.206000      249.612
     0.207000      249.146
     0.208000      248.681
     0.209000      248.215
     0.210000      247.749
     0.211000      247.283
     0.212000      246.816
     0.213000      246.350
     0.214000      245.884
     0.215000      245.417
     0.216000      244.950
     0.217000      244.483
     0.218000      244.016
     0.219000      243.549
     0.220000      243.082
     0.221000      242.615
     0.222000      242.148
     0.223000      241.680
     0.224000      241.213
     0.225000      240.745
     0.226000      240.277
     0.227000      239.810
     0.228000      239.342
     0.229000      238.874
     0.230000      238.406
     0.231000      237.937
     0.232000      237.469
     0.233000      237.001
     0.234000      236.532
     0.235000      236.064
     0.236000      235.595
     0.237000      235.126
     0.238000      234.658
     0.239000      234.189
     0.240000      233.720
     0.241000      233.251
     0.242000      232.782
     0.243000      232.313
     0.244000      231.844
     0.245000      231.374
     0.246000      230.905
     0.247000      230.436
     0.248000      229.966
     0.249000      229.497
     0.250000      229.027
     0.251000      228.557
     0.252000      228.088
     0.253000      227.618
     0.254000      227.148
     0.255000      226.678
     0.256000      226.208
     0.257000      225.738
     0.258000      225.268
     0.259000      224.798
     0.260000      224.328
     0.261000      223.857
     0.262000      223.387
     0.263000      222.917
     0.264000      222.446
     0.265000      221.976
     0.266000      221.505
     0.267000      221.034
     0.268000      220.564
     0.269000      220.093
     0.270000      219.622
     0.271000      219.151
     0.272000      218.680
     0.273000      218.209
     0.274000      217.738
     0.275000      217.267
     0.276000      216.795
     0.277000      216.324
     0.278000      215.853
     0.279000      215.381
     0.280000      214.909
     0.281000      214.438
     0.282000      213.966
     0.283000      213.494
     0.284000      213.022
     0.285000      212.550
     0.286000      212.078
     0.287000      211.606
     0.288000      211.133
     0.289000      210.661
     0.290000      210.188
     0.291000      209.716
     0.292000      209.243
     0.293000      208.770
     0.294000      208.297
     0.295000      207.824
     0.296000      207.351
     0.297000      206.878
     0.298000      206.404
     0.299000      205.931
     0.300000      205.457
     0.301000      204.983
     0.302000      204.509
     0.303000      204.035
     0.304000      203.561
     0.305000      203.087
     0.306000      202.613
     0.307000      202.138
     0.308000      201.663
     0.309000      201.189
     0.310000      200.714
     0.311000      200.239
     0.312000      199.763
     0.313000      199.288
     0.314000      198.812
     0.315000      198.337
     0.316000      197.861
     0.317000      197.385
     0.318000      196.909
     0.319000      196.433
     0.320000      195.957
     0.321000      195.480
     0.322000      195.003
     0.323000      194.527
     0.324000      194.050
     0.325000      193.572
     0.326000      193.095
     0.327000      192.618
     0.328000      192.140
     0.329000      191.662
     0.330000      191.185
     0.331000      190.707
     0.332000      190.228
     0.333000      189.750
     0.334000      189.271
     0.335000      188.793
     0.336000      188.314
     0.337000      187.835
     0.338000      187.356
     0.339000      186.877
     0.340000      186.397
     0.341000      185.918
     0.342000      185.438
     0.343000      184.958
     0.344000      184.478
     0.345000      183.998
     0.346000      183.517
     0.347000      183.037
     0.348000      182.556
     0.349000      182.075
     0.350000      181.594
     0.351000      181.113
     0.352000      180.632
     0.353000      180.150
     0.354000      179.669
     0.355000      179.187
     0.356000      178.705
     0.357000      178.223
     0.358000      177.741
     0.359000      177.259
     0.360000      176.776
     0.361000      176.294
     0.362000      175.811
     0.363000      175.328
     0.364000      174.845
     0.365000      174.362
     0.366000      173.879
     0.367000      173.396
     0.368000      172.912
     0.369000      172.428
     0.370000      171.945
     0.371000      171.461
     0.372000      170.976
     0.373000      170.492
     0.374000      170.008
     0.375000      169.523
     0.376000      169.039
     0.377000      168.554
     0.378000      168.069
     0.379000      167.584
     0.380000      167.099
     0.381000      166.614
     0.382000      166.128
     0.383000      165.643
     0.384000      165.157
     0.385000      164.672
     0.386000      164.186
     0.387000      163.700
     0.388000      163.214
     0.389000      162.727
     0.390000      162.241
     0.391000      161.754
     0.392000      161.268
     0.393000      160.781
     0.394000      160.294
     0.395000      159.807
     0.396000      159.319
     0.397000      158.832
     0.398000      158.345
     0.399000      157.857
     0.400000      157.369
     0.401000      156.881
     0.402000      156.393
     0.403000      155.905
     0.404000      155.417
     0.405000      154.928
     0.406000      154.440
     0.407000      153.951
     0.408000      153.462
     0.409000      152.973
     0.410000      152.484
     0.411000      151.994
     0.412000      151.504
     0.413000      151.015
     0.414000      150.525
     0.415000      150.035
     0.416000      149.544
     0.417000      149.054
     0.418000      148.563
     0.419000      148.073
     0.420000      147.582
     0.421000      147.091
     0.422000      146.599
     0.423000      146.108
     0.424000      145.616
     0.425000      145.124
     0.426000      144.632
     0.427000      144.140
     0.428000      143.647
     0.429000      143.154
     0.430000      142.661
     0.431000      142.168
     0.432000      141.675
     0.433000      141.181
     0.434000      140.687
     0.435000      140.193
     0.436000      139.699
     0.437000      139.205
     0.438000      138.710
     0.439000      138.215
     0.440000      137.720
     0.441000      137.224
     0.442000      136.729
     0.443000      136.233
     0.444000      135.737
     0.445000      135.240
     0.446000      134.743
     0.447000      134.247
     0.448000      133.749
     0.449000      133.252
     0.450000      132.754
     0.451000      132.256
     0.452000      131.758
     0.453000      131.260
     0.454000      130.761
     0.455000      130.262
     0.456000      129.763
     0.457000      129.263
     0.458000      128.764
     0.459000      128.264
     0.460000      127.763
     0.461000      127.263
     0.462000      126.762
     0.463000      126.261
     0.464000      125.760
     0.465000      125.259
     0.466000      124.757
     0.467000      124.255
     0.468000      123.753
     0.469000      123.250
     0.470000      122.747
     0.471000      122.244
     0.472000      121.741
     0.473000      121.238
     0.474000      120.734
     0.475000      120.230
     0.476000      119.726
     0.477000      119.222
     0.478000      118.717
     0.479000      118.212
     0.480000      117.707
     0.481000      117.202
     0.482000      116.697
     0.483000      116.191
     0.484000      115.685
     0.485000      115.179
     0.486000      114.673
     0.487000      114.167
     0.488000      113.660
     0.489000      113.154
     0.490000      112.647
     0.491000      112.140
     0.492000      111.632
     0.493000      111.125
     0.494000      110.617
     0.495000      110.109
     0.496000      109.601
     0.497000      109.093
     0.498000      108.585
     0.499000      108.076
     0.500000      107.568
     0.501000      107.059
     0.502000      106.550
     0.503000      106.041
     0.504000      105.531
     0.505000      105.021
     0.506000      104.511
     0.507000      104.001
     0.508000      103.491
     0.509000      102.980
     0.510000      102.469
     0.511000      101.958
     0.512000      101.447
     0.513000      100.935
     0.514000      100.423
     0.515000      99.9101
     0.516000      99.4372
     0.517000      98.8791
     0.518000      98.3551
     0.519000      97.8525
     0.520000      97.3618
     0.521000      96.8757
     0.522000      96.3893
     0.523000      95.8989
     0.524000      95.4026
     0.525000      94.8992
     0.526000      94.3882
     0.527000      93.8700
     0.528000      93.3453
     0.529000      92.8148
     0.530000      92.2796
     0.531000      91.7409
     0.532000      91.1998
     0.533000      90.6572
     0.534000      90.1140
     0.535000      89.5713
     0.536000      89.0295
     0.537000      88.4893
     0.538000      87.9509
     0.539000      87.4147
     0.540000      86.8808
     0.541000      86.3490
     0.542000      85.8195
     0.543000      85.2919
     0.544000      84.7659
     0.545000      84.2413
     0.546000      83.7178
     0.547000      83.1950
     0.548000      82.6724
     0.549000      82.1497
     0.550000      81.6267
     0.551000      81.1029
     0.552000      80.5781
     0.553000      80.0521
     0.554000      79.5246
     0.555000      78.9955
     0.556000      78.4647
     0.557000      77.9321
     0.558000      77.3978
     0.559000      76.8617
     0.560000      76.3240
     0.561000      75.7846
     0.562000      75.2439
     0.563000      74.7020
     0.564000      74.1590
     0.565000      73.6150
     0.566000      73.0704
     0.567000      72.5253
     0.568000      71.9799
     0.569000      71.4344
     0.570000      70.8889
     0.571000      70.3435
     0.572000      69.7985
     0.573000      69.2538
     0.574000      68.7096
     0.575000      68.1658
     0.576000      67.6225
     0.577000      67.0796
     0.578000      66.5372
     0.579000      65.9949
     0.580000      65.4529
     0.581000      64.9108
     0.582000      64.3685
     0.583000      63.8260
     0.584000      63.2829
     0.585000      62.7390
     0.586000      62.1942
     0.587000      61.6483
     0.588000      61.1009
     0.589000      60.5521
     0.590000      60.0015
     0.591000      59.4490
     0.592000      58.8946
     0.593000      58.3380
     0.594000      57.7792
     0.595000      57.2182
     0.596000      56.6549
     0.597000      56.0895
     0.598000      55.5218
     0.599000      54.9521
     0.600000      54.3804
     0.601000      53.8070
     0.602000      53.2319
     0.603000      52.6555
     0.604000      52.0778
     0.605000      51.4993
     0.606000      50.9201
     0.607000      50.3404
     0.608000      49.7606
     0.609000      49.1809
     0.610000      48.6014
     0.611000      48.0225
     0.612000      47.4443
     0.613000      46.8670
     0.614000      46.2906
     0.615000      45.7152
     0.616000      45.1409
     0.617000      44.5675
     0.618000      43.9951
     0.619000      43.4234
     0.620000      42.8523
     0.621000      42.2815
     0.622000      41.7108
     0.623000      41.1398
     0.624000      40.5681
     0.625000      39.9954
     0.626000      39.4212
     0.627000      38.8451
     0.628000      38.2668
     0.629000      37.6857
     0.630000      37.1017
     0.631000      36.5143
     0.632000      35.9233
     0.633000      35.3286
     0.634000      34.7301
     0.635000      34.1276
     0.636000      33.5213
     0.637000      32.9113
     0.638000      32.2979
     0.639000      31.6813
     0.640000      31.0617
     0.641000      30.4394
     0.642000      29.8146
     0.643000      29.1872
     0.644000      28.5570
     0.645000      27.9234
     0.646000      27.2852
     0.647000      26.6405
     0.648000      25.9865
     0.649000      25.3194
     0.650000      24.6336
     0.651000      24.4087
     0.652000      23.9924
     0.653000      23.6004
     0.654000      23.2296
     0.655000      22.8774
     0.656000      22.5418
     0.657000      22.2213
     0.658000      21.9148
     0.659000      21.6215
     0.660000      21.3407
     0.661000      21.0720
     0.662000      20.8149
     0.663000      20.5693
     0.664000      20.3347
     0.665000      20.1111
     0.666000      19.8981
     0.667000      19.6955
     0.668000      19.5031
     0.669000      19.3205
     0.670000      19.1474
     0.671000      18.9833
     0.672000      18.8280
     0.673000      18.6809
     0.674000      18.5417
     0.675000      18.4098
     0.676000      18.2848
     0.677000      18.1661
     0.678000      18.0533
     0.679000      17.9459
     0.680000      17.8434
     0.681000      17.7455
     0.682000      17.6516
     0.683000      17.5613
     0.684000      17.4744
     0.685000      17.3904
     0.686000      17.3091
     0.687000      17.2303
     0.688000      17.1536
     0.689000      17.0789
     0.690000      17.0060
     0.691000      16.9349
     0.692000      16.8655
     0.693000      16.7976
     0.694000      16.7314
     0.695000      16.6667
     0.696000      16.6036
     0.697000      16.5421
     0.698000      16.4823
     0.699000      16.4242
     0.700000      16.3679
     0.701000      16.3134
     0.702000      16.2607
     0.703000      16.2101
     0.704000      16.1613
     0.705000      16.1145
     0.706000      16.0697
     0.707000      16.0268
     0.708000      15.9858
     0.709000      15.9467
     0.710000      15.9093
     0.711000      15.8736
     0.712000      15.8393
     0.713000      15.8065
     0.714000      15.7747
     0.715000      15.7440
     0.716000      15.7140
     0.717000      15.6845
     0.718000      15.6553
     0.719000      15.6261
     0.720000      15.5967
     0.721000      15.5667
     0.722000      15.5360
     0.723000      15.5042
     0.724000      15.4711
     0.725000      15.4365
     0.726000      15.4001
     0.727000      15.3617
     0.728000      15.3212
     0.729000      15.2783
     0.730000      15.2330
     0.731000      15.1850
     0.732000      15.1343
     0.733000      15.0809
     0.734000      15.0248
     0.735000      14.9658
     0.736000      14.9041
     0.737000      14.8396
     0.738000      14.7725
     0.739000      14.7028
     0.740000      14.6306
     0.741000      14.5560
     0.742000      14.4792
     0.743000      14.4001
     0.744000      14.3189
     0.745000      14.2357
     0.746000      14.1505
     0.747000      14.0634
     0.748000      13.9743
     0.749000      13.8833
     0.750000      13.7902
     0.751000      13.6951
     0.752000      13.5978
     0.753000      13.4981
     0.754000      13.3961
     0.755000      13.2914
     0.756000      13.1841
     0.757000      13.0741
     0.758000      12.9615
     0.759000      12.8465
     0.760000      12.7293
     0.761000      12.6107
     0.762000      12.4914
     0.763000      12.3729
     0.764000      12.2567
     0.765000      12.1455
     0.766000      12.0421
     0.767000     0.000000
     0.768000     0.000000
     0.769000     0.000000
     0.770000     0.000000
     0.771000     0.000000
     0.772000     0.000000
     0.773000     0.000000
     0.774000     0.000000
     0.775000     0.000000
     0.776000     0.000000
     0.777000     0.000000
     0.778000     0.000000
     0.779000     0.000000
     0.780000     0.000000
     0.781000     0.000000
     0.782000     0.000000
     0.783000     0.000000
     0.784000     0.000000
     0.785000     0.000000
     0.786000     0.000000
     0.787000     0.000000
     0.788000     0.000000
     0.789000     0.000000
     0.790000     0.000000
     0.791000     0.000000
     0.792000     0.000000
     0.793000     0.000000
     0.794000     0.000000
     0.795000     0.000000
     0.796000     0.000000
     0.797000     0.000000
     0.798000     0.000000
     0.799000     0.000000
