     0.000000         -NaN
   0.00100000         -NaN
   0.00200000         -NaN
   0.00300000         -NaN
   0.00400000         -NaN
   0.00500000         -NaN
   0.00600000         -NaN
   0.00700000         -NaN
   0.00800000         -NaN
   0.00900000         -NaN
    0.0100000         -NaN
    0.0110000         -NaN
    0.0120000         -NaN
    0.0130000         -NaN
    0.0140000         -NaN
    0.0150000         -NaN
    0.0160000         -NaN
    0.0170000         -NaN
    0.0180000         -NaN
    0.0190000         -NaN
    0.0200000         -NaN
    0.0210000         -NaN
    0.0220000         -NaN
    0.0230000         -NaN
    0.0240000         -NaN
    0.0250000         -NaN
    0.0260000         -NaN
    0.0270000         -NaN
    0.0280000         -NaN
    0.0290000         -NaN
    0.0300000         -NaN
    0.0310000         -NaN
    0.0320000         -NaN
    0.0330000         -NaN
    0.0340000         -NaN
    0.0350000         -NaN
    0.0360000         -NaN
    0.0370000         -NaN
    0.0380000         -NaN
    0.0390000         -NaN
    0.0400000         -NaN
    0.0410000         -NaN
    0.0420000         -NaN
    0.0430000         -NaN
    0.0440000         -NaN
    0.0450000         -NaN
    0.0460000         -NaN
    0.0470000         -NaN
    0.0480000         -NaN
    0.0490000         -NaN
    0.0500000         -NaN
    0.0510000         -NaN
    0.0520000         -NaN
    0.0530000         -NaN
    0.0540000         -NaN
    0.0550000         -NaN
    0.0560000         -NaN
    0.0570000         -NaN
    0.0580000         -NaN
    0.0590000         -NaN
    0.0600000         -NaN
    0.0610000         -NaN
    0.0620000         -NaN
    0.0630000         -NaN
    0.0640000         -NaN
    0.0650000         -NaN
    0.0660000         -NaN
    0.0670000         -NaN
    0.0680000         -NaN
    0.0690000         -NaN
    0.0700000         -NaN
    0.0710000         -NaN
    0.0720000         -NaN
    0.0730000         -NaN
    0.0740000         -NaN
    0.0750000         -NaN
    0.0760000         -NaN
    0.0770000         -NaN
    0.0780000         -NaN
    0.0790000         -NaN
    0.0800000         -NaN
    0.0810000         -NaN
    0.0820000         -NaN
    0.0830000         -NaN
    0.0840000         -NaN
    0.0850000         -NaN
    0.0860000         -NaN
    0.0870000         -NaN
    0.0880000         -NaN
    0.0890000         -NaN
    0.0900000         -NaN
    0.0910000         -NaN
    0.0920000         -NaN
    0.0930000         -NaN
    0.0940000         -NaN
    0.0950000         -NaN
    0.0960000         -NaN
    0.0970000         -NaN
    0.0980000         -NaN
    0.0990000         -NaN
     0.100000         -NaN
     0.101000         -NaN
     0.102000         -NaN
     0.103000         -NaN
     0.104000         -NaN
     0.105000         -NaN
     0.106000         -NaN
     0.107000         -NaN
     0.108000         -NaN
     0.109000         -NaN
     0.110000      294.009
     0.111000      293.549
     0.112000      293.089
     0.113000      292.629
     0.114000      292.167
     0.115000      291.705
     0.116000      291.242
     0.117000      290.778
     0.118000      290.314
     0.119000      289.849
     0.120000      289.384
     0.121000      288.919
     0.122000      288.452
     0.123000      287.986
     0.124000      287.519
     0.125000      287.052
     0.126000      286.585
     0.127000      286.117
     0.128000      285.649
     0.129000      285.181
     0.130000      284.712
     0.131000      284.244
     0.132000      283.775
     0.133000      283.306
     0.134000      282.837
     0.135000      282.368
     0.136000      281.899
     0.137000      281.429
     0.138000      280.960
     0.139000      280.490
     0.140000      280.020
     0.141000      279.551
     0.142000      279.081
     0.143000      278.611
     0.144000      278.141
     0.145000      277.671
     0.146000      277.201
     0.147000      276.731
     0.148000      276.261
     0.149000      275.791
     0.150000      275.320
     0.151000      274.850
     0.152000      274.380
     0.153000      273.910
     0.154000      273.439
     0.155000      272.969
     0.156000      272.499
     0.157000      272.028
     0.158000      271.558
     0.159000      271.088
     0.160000      270.617
     0.161000      270.147
     0.162000      269.676
     0.163000      269.205
     0.164000      268.735
     0.165000      268.264
     0.166000      267.794
     0.167000      267.323
     0.168000      266.852
     0.169000      266.381
     0.170000      265.911
     0.171000      265.440
     0.172000      264.969
     0.173000      264.498
     0.174000      264.027
     0.175000      263.556
     0.176000      263.085
     0.177000      262.614
     0.178000      262.143
     0.179000      261.672
     0.180000      261.200
     0.181000      260.729
     0.182000      260.258
     0.183000      259.787
     0.184000      259.315
     0.185000      258.844
     0.186000      258.372
     0.187000      257.901
     0.188000      257.429
     0.189000      256.958
     0.190000      256.486
     0.191000      256.014
     0.192000      255.542
     0.193000      255.071
     0.194000      254.599
     0.195000      254.127
     0.196000      253.655
     0.197000      253.183
     0.198000      252.711
     0.199000      252.238
     0.200000      251.766
     0.201000      251.294
     0.202000      250.822
     0.203000      250.349
     0.204000      249.877
     0.205000      249.405
     0.206000      248.932
     0.207000      248.460
     0.208000      247.987
     0.209000      247.514
     0.210000      247.042
     0.211000      246.569
     0.212000      246.096
     0.213000      245.623
     0.214000      245.150
     0.215000      244.677
     0.216000      244.204
     0.217000      243.731
     0.218000      243.258
     0.219000      242.785
     0.220000      242.312
     0.221000      241.838
     0.222000      241.365
     0.223000      240.892
     0.224000      240.418
     0.225000      239.945
     0.226000      239.471
     0.227000      238.998
     0.228000      238.524
     0.229000      238.050
     0.230000      237.577
     0.231000      237.103
     0.232000      236.629
     0.233000      236.155
     0.234000      235.681
     0.235000      235.207
     0.236000      234.733
     0.237000      234.259
     0.238000      233.785
     0.239000      233.310
     0.240000      232.836
     0.241000      232.362
     0.242000      231.887
     0.243000      231.413
     0.244000      230.938
     0.245000      230.464
     0.246000      229.989
     0.247000      229.514
     0.248000      229.039
     0.249000      228.565
     0.250000      228.090
     0.251000      227.615
     0.252000      227.140
     0.253000      226.664
     0.254000      226.189
     0.255000      225.714
     0.256000      225.238
     0.257000      224.763
     0.258000      224.287
     0.259000      223.812
     0.260000      223.336
     0.261000      222.860
     0.262000      222.385
     0.263000      221.909
     0.264000      221.433
     0.265000      220.956
     0.266000      220.480
     0.267000      220.004
     0.268000      219.528
     0.269000      219.051
     0.270000      218.575
     0.271000      218.098
     0.272000      217.621
     0.273000      217.144
     0.274000      216.667
     0.275000      216.190
     0.276000      215.713
     0.277000      215.236
     0.278000      214.759
     0.279000      214.281
     0.280000      213.804
     0.281000      213.326
     0.282000      212.848
     0.283000      212.370
     0.284000      211.892
     0.285000      211.414
     0.286000      210.936
     0.287000      210.458
     0.288000      209.980
     0.289000      209.501
     0.290000      209.022
     0.291000      208.544
     0.292000      208.065
     0.293000      207.586
     0.294000      207.107
     0.295000      206.628
     0.296000      206.148
     0.297000      205.669
     0.298000      205.189
     0.299000      204.710
     0.300000      204.230
     0.301000      203.750
     0.302000      203.270
     0.303000      202.790
     0.304000      202.310
     0.305000      201.829
     0.306000      201.349
     0.307000      200.868
     0.308000      200.387
     0.309000      199.907
     0.310000      199.426
     0.311000      198.945
     0.312000      198.463
     0.313000      197.982
     0.314000      197.500
     0.315000      197.019
     0.316000      196.537
     0.317000      196.055
     0.318000      195.573
     0.319000      195.091
     0.320000      194.609
     0.321000      194.127
     0.322000      193.644
     0.323000      193.162
     0.324000      192.679
     0.325000      192.196
     0.326000      191.713
     0.327000      191.230
     0.328000      190.747
     0.329000      190.264
     0.330000      189.780
     0.331000      189.297
     0.332000      188.813
     0.333000      188.329
     0.334000      187.845
     0.335000      187.361
     0.336000      186.877
     0.337000      186.393
     0.338000      185.908
     0.339000      185.424
     0.340000      184.939
     0.341000      184.454
     0.342000      183.969
     0.343000      183.484
     0.344000      182.999
     0.345000      182.514
     0.346000      182.028
     0.347000      181.543
     0.348000      181.057
     0.349000      180.571
     0.350000      180.085
     0.351000      179.599
     0.352000      179.113
     0.353000      178.626
     0.354000      178.140
     0.355000      177.653
     0.356000      177.166
     0.357000      176.679
     0.358000      176.192
     0.359000      175.705
     0.360000      175.217
     0.361000      174.730
     0.362000      174.242
     0.363000      173.754
     0.364000      173.266
     0.365000      172.778
     0.366000      172.290
     0.367000      171.801
     0.368000      171.313
     0.369000      170.824
     0.370000      170.335
     0.371000      169.846
     0.372000      169.356
     0.373000      168.867
     0.374000      168.377
     0.375000      167.887
     0.376000      167.397
     0.377000      166.907
     0.378000      166.417
     0.379000      165.926
     0.380000      165.435
     0.381000      164.944
     0.382000      164.453
     0.383000      163.962
     0.384000      163.470
     0.385000      162.978
     0.386000      162.486
     0.387000      161.994
     0.388000      161.502
     0.389000      161.009
     0.390000      160.516
     0.391000      160.023
     0.392000      159.530
     0.393000      159.037
     0.394000      158.543
     0.395000      158.049
     0.396000      157.555
     0.397000      157.060
     0.398000      156.565
     0.399000      156.070
     0.400000      155.575
     0.401000      155.080
     0.402000      154.584
     0.403000      154.088
     0.404000      153.592
     0.405000      153.095
     0.406000      152.598
     0.407000      152.101
     0.408000      151.604
     0.409000      151.106
     0.410000      150.608
     0.411000      150.110
     0.412000      149.612
     0.413000      149.113
     0.414000      148.614
     0.415000      148.115
     0.416000      147.615
     0.417000      147.115
     0.418000      146.615
     0.419000      146.114
     0.420000      145.614
     0.421000      145.112
     0.422000      144.611
     0.423000      144.109
     0.424000      143.607
     0.425000      143.105
     0.426000      142.603
     0.427000      142.100
     0.428000      141.597
     0.429000      141.093
     0.430000      140.589
     0.431000      140.085
     0.432000      139.581
     0.433000      139.076
     0.434000      138.571
     0.435000      138.066
     0.436000      137.560
     0.437000      137.054
     0.438000      136.548
     0.439000      136.042
     0.440000      135.535
     0.441000      135.028
     0.442000      134.521
     0.443000      134.013
     0.444000      133.506
     0.445000      132.998
     0.446000      132.489
     0.447000      131.981
     0.448000      131.472
     0.449000      130.963
     0.450000      130.453
     0.451000      129.943
     0.452000      129.434
     0.453000      128.923
     0.454000      128.413
     0.455000      127.902
     0.456000      127.391
     0.457000      126.880
     0.458000      126.369
     0.459000      125.857
     0.460000      125.346
     0.461000      124.833
     0.462000      124.321
     0.463000      123.809
     0.464000      123.296
     0.465000      122.783
     0.466000      122.270
     0.467000      121.756
     0.468000      121.242
     0.469000      120.729
     0.470000      120.214
     0.471000      119.700
     0.472000      119.185
     0.473000      118.670
     0.474000      118.155
     0.475000      117.640
     0.476000      117.124
     0.477000      116.608
     0.478000      116.092
     0.479000      115.575
     0.480000      115.058
     0.481000      114.541
     0.482000      114.023
     0.483000      113.505
     0.484000      112.986
     0.485000      112.467
     0.486000      111.948
     0.487000      111.428
     0.488000      110.907
     0.489000      110.386
     0.490000      109.865
     0.491000      109.342
     0.492000      108.819
     0.493000      108.296
     0.494000      107.771
     0.495000      107.246
     0.496000      106.720
     0.497000      106.193
     0.498000      105.664
     0.499000      105.135
     0.500000      104.605
     0.501000      104.073
     0.502000      103.540
     0.503000      103.006
     0.504000      102.470
     0.505000      101.932
     0.506000      101.393
     0.507000      100.851
     0.508000      100.308
     0.509000      99.6844
     0.510000      99.1562
     0.511000      98.6403
     0.512000      98.1311
     0.513000      97.6241
     0.514000      97.1160
     0.515000      96.6046
     0.516000      96.0881
     0.517000      95.5658
     0.518000      95.0372
     0.519000      94.5024
     0.520000      93.9615
     0.521000      93.4151
     0.522000      92.8638
     0.523000      92.3085
     0.524000      91.7499
     0.525000      91.1887
     0.526000      90.6257
     0.527000      90.0617
     0.528000      89.4972
     0.529000      88.9329
     0.530000      88.3693
     0.531000      87.8067
     0.532000      87.2453
     0.533000      86.6855
     0.534000      86.1273
     0.535000      85.5709
     0.536000      85.0161
     0.537000      84.4628
     0.538000      83.9109
     0.539000      83.3602
     0.540000      82.8106
     0.541000      82.2617
     0.542000      81.7132
     0.543000      81.1649
     0.544000      80.6164
     0.545000      80.0676
     0.546000      79.5182
     0.547000      78.9678
     0.548000      78.4163
     0.549000      77.8635
     0.550000      77.3091
     0.551000      76.7531
     0.552000      76.1954
     0.553000      75.6358
     0.554000      75.0742
     0.555000      74.5109
     0.556000      73.9456
     0.557000      73.3784
     0.558000      72.8095
     0.559000      72.2389
     0.560000      71.6668
     0.561000      71.0931
     0.562000      70.5181
     0.563000      69.9421
     0.564000      69.3648
     0.565000      68.7868
     0.566000      68.2079
     0.567000      67.6285
     0.568000      67.0485
     0.569000      66.4681
     0.570000      65.8874
     0.571000      65.3064
     0.572000      64.7252
     0.573000      64.1439
     0.574000      63.5623
     0.575000      62.9806
     0.576000      62.3985
     0.577000      61.8161
     0.578000      61.2332
     0.579000      60.6498
     0.580000      60.0657
     0.581000      59.4806
     0.582000      58.8945
     0.583000      58.3072
     0.584000      57.7185
     0.585000      57.1281
     0.586000      56.5358
     0.587000      55.9415
     0.588000      55.3450
     0.589000      54.7460
     0.590000      54.1445
     0.591000      53.5402
     0.592000      52.9331
     0.593000      52.3230
     0.594000      51.7099
     0.595000      51.0937
     0.596000      50.4745
     0.597000      49.8523
     0.598000      49.2271
     0.599000      48.5990
     0.600000      47.9683
     0.601000      47.3350
     0.602000      46.6995
     0.603000      46.0620
     0.604000      45.4227
     0.605000      44.7820
     0.606000      44.1403
     0.607000      43.4978
     0.608000      42.8550
     0.609000      42.2121
     0.610000      41.5697
     0.611000      40.9281
     0.612000      40.2876
     0.613000      39.6485
     0.614000      39.0111
     0.615000      38.3757
     0.616000      37.7426
     0.617000      37.1119
     0.618000      36.4836
     0.619000      35.8580
     0.620000      35.2350
     0.621000      34.6146
     0.622000      33.9968
     0.623000      33.3815
     0.624000      32.7684
     0.625000      32.1577
     0.626000      31.5492
     0.627000      30.9430
     0.628000      30.3390
     0.629000      29.7377
     0.630000      29.1394
     0.631000      28.5448
     0.632000      27.9552
     0.633000      27.3719
     0.634000      26.7971
     0.635000      26.2335
     0.636000      25.6846
     0.637000      25.1550
     0.638000      24.6502
     0.639000      24.3047
     0.640000      23.7123
     0.641000      23.1812
     0.642000      22.6980
     0.643000      22.2520
     0.644000      21.8349
     0.645000      21.4401
     0.646000      21.0628
     0.647000      20.6994
     0.648000      20.3475
     0.649000      20.0053
     0.650000      19.6718
     0.651000      19.3466
     0.652000      19.0294
     0.653000      18.7204
     0.654000      18.4200
     0.655000      18.1286
     0.656000      17.8466
     0.657000      17.5743
     0.658000      17.3123
     0.659000      17.0609
     0.660000      16.8202
     0.661000      16.5905
     0.662000      16.3718
     0.663000      16.1641
     0.664000      15.9672
     0.665000      15.7809
     0.666000      15.6049
     0.667000      15.4389
     0.668000      15.2824
     0.669000      15.1350
     0.670000      14.9961
     0.671000      14.8652
     0.672000      14.7419
     0.673000      14.6255
     0.674000      14.5156
     0.675000      14.4117
     0.676000      14.3132
     0.677000      14.2198
     0.678000      14.1309
     0.679000      14.0463
     0.680000      13.9655
     0.681000      13.8884
     0.682000      13.8145
     0.683000      13.7437
     0.684000      13.6757
     0.685000      13.6104
     0.686000      13.5477
     0.687000      13.4875
     0.688000      13.4296
     0.689000      13.3741
     0.690000      13.3207
     0.691000      13.2696
     0.692000      13.2206
     0.693000      13.1738
     0.694000      13.1290
     0.695000      13.0863
     0.696000      13.0455
     0.697000      13.0067
     0.698000      12.9698
     0.699000      12.9347
     0.700000      12.9013
     0.701000      12.8695
     0.702000      12.8393
     0.703000      12.8105
     0.704000      12.7830
     0.705000      12.7567
     0.706000      12.7315
     0.707000      12.7072
     0.708000      12.6838
     0.709000      12.6612
     0.710000      12.6392
     0.711000      12.6178
     0.712000      12.5968
     0.713000      12.5763
     0.714000      12.5563
     0.715000      12.5366
     0.716000      12.5173
     0.717000      12.4983
     0.718000      12.4798
     0.719000      12.4616
     0.720000      12.4440
     0.721000      12.4268
     0.722000      12.4101
     0.723000      12.3941
     0.724000      12.3786
     0.725000      12.3637
     0.726000      12.3493
     0.727000      12.3354
     0.728000      12.3219
     0.729000      12.3086
     0.730000      12.2955
     0.731000      12.2822
     0.732000      12.2686
     0.733000      12.2544
     0.734000      12.2393
     0.735000      12.2230
     0.736000      12.2053
     0.737000      12.1862
     0.738000      12.1654
     0.739000      12.1432
     0.740000      12.1199
     0.741000      12.0963
     0.742000      12.0734
     0.743000      12.0530
     0.744000      12.0375
     0.745000      12.0300
     0.746000      11.8684
     0.747000      11.8770
     0.748000      11.8562
     0.749000      11.8317
     0.750000      11.7994
     0.751000      11.7586
     0.752000      11.7125
     0.753000      11.6635
     0.754000      11.6129
     0.755000      11.5627
     0.756000      11.5155
     0.757000      11.4683
     0.758000      11.4082
     0.759000      11.3328
     0.760000     0.000000
     0.761000     0.000000
     0.762000     0.000000
     0.763000     0.000000
     0.764000     0.000000
     0.765000     0.000000
     0.766000     0.000000
     0.767000     0.000000
     0.768000     0.000000
     0.769000     0.000000
     0.770000     0.000000
     0.771000     0.000000
     0.772000     0.000000
     0.773000     0.000000
     0.774000     0.000000
     0.775000     0.000000
     0.776000     0.000000
     0.777000     0.000000
     0.778000     0.000000
     0.779000     0.000000
     0.780000     0.000000
     0.781000     0.000000
     0.782000     0.000000
     0.783000     0.000000
     0.784000     0.000000
     0.785000     0.000000
     0.786000     0.000000
     0.787000     0.000000
     0.788000     0.000000
     0.789000     0.000000
     0.790000     0.000000
     0.791000     0.000000
     0.792000     0.000000
     0.793000     0.000000
     0.794000     0.000000
     0.795000     0.000000
     0.796000     0.000000
     0.797000     0.000000
     0.798000     0.000000
     0.799000     0.000000
