     0.000000         -NaN
   0.00100000         -NaN
   0.00200000         -NaN
   0.00300000         -NaN
   0.00400000         -NaN
   0.00500000         -NaN
   0.00600000         -NaN
   0.00700000         -NaN
   0.00800000         -NaN
   0.00900000         -NaN
    0.0100000         -NaN
    0.0110000         -NaN
    0.0120000         -NaN
    0.0130000         -NaN
    0.0140000         -NaN
    0.0150000         -NaN
    0.0160000         -NaN
    0.0170000         -NaN
    0.0180000         -NaN
    0.0190000         -NaN
    0.0200000         -NaN
    0.0210000         -NaN
    0.0220000         -NaN
    0.0230000         -NaN
    0.0240000         -NaN
    0.0250000         -NaN
    0.0260000         -NaN
    0.0270000         -NaN
    0.0280000         -NaN
    0.0290000         -NaN
    0.0300000         -NaN
    0.0310000         -NaN
    0.0320000         -NaN
    0.0330000         -NaN
    0.0340000         -NaN
    0.0350000         -NaN
    0.0360000         -NaN
    0.0370000         -NaN
    0.0380000         -NaN
    0.0390000         -NaN
    0.0400000         -NaN
    0.0410000         -NaN
    0.0420000         -NaN
    0.0430000         -NaN
    0.0440000         -NaN
    0.0450000         -NaN
    0.0460000         -NaN
    0.0470000         -NaN
    0.0480000         -NaN
    0.0490000         -NaN
    0.0500000         -NaN
    0.0510000         -NaN
    0.0520000         -NaN
    0.0530000         -NaN
    0.0540000         -NaN
    0.0550000         -NaN
    0.0560000         -NaN
    0.0570000         -NaN
    0.0580000         -NaN
    0.0590000         -NaN
    0.0600000         -NaN
    0.0610000         -NaN
    0.0620000         -NaN
    0.0630000         -NaN
    0.0640000         -NaN
    0.0650000         -NaN
    0.0660000         -NaN
    0.0670000         -NaN
    0.0680000         -NaN
    0.0690000         -NaN
    0.0700000         -NaN
    0.0710000         -NaN
    0.0720000         -NaN
    0.0730000         -NaN
    0.0740000         -NaN
    0.0750000         -NaN
    0.0760000         -NaN
    0.0770000         -NaN
    0.0780000         -NaN
    0.0790000         -NaN
    0.0800000         -NaN
    0.0810000         -NaN
    0.0820000         -NaN
    0.0830000         -NaN
    0.0840000         -NaN
    0.0850000         -NaN
    0.0860000         -NaN
    0.0870000         -NaN
    0.0880000         -NaN
    0.0890000         -NaN
    0.0900000         -NaN
    0.0910000         -NaN
    0.0920000         -NaN
    0.0930000         -NaN
    0.0940000         -NaN
    0.0950000         -NaN
    0.0960000         -NaN
    0.0970000         -NaN
    0.0980000         -NaN
    0.0990000         -NaN
     0.100000         -NaN
     0.101000         -NaN
     0.102000         -NaN
     0.103000         -NaN
     0.104000         -NaN
     0.105000         -NaN
     0.106000         -NaN
     0.107000         -NaN
     0.108000         -NaN
     0.109000         -NaN
     0.110000         -NaN
     0.111000      293.366
     0.112000      292.876
     0.113000      292.387
     0.114000      291.900
     0.115000      291.413
     0.116000      290.928
     0.117000      290.444
     0.118000      289.960
     0.119000      289.478
     0.120000      288.996
     0.121000      288.516
     0.122000      288.036
     0.123000      287.557
     0.124000      287.079
     0.125000      286.602
     0.126000      286.125
     0.127000      285.650
     0.128000      285.174
     0.129000      284.700
     0.130000      284.226
     0.131000      283.752
     0.132000      283.279
     0.133000      282.807
     0.134000      282.335
     0.135000      281.863
     0.136000      281.392
     0.137000      280.921
     0.138000      280.450
     0.139000      279.980
     0.140000      279.510
     0.141000      279.041
     0.142000      278.572
     0.143000      278.102
     0.144000      277.634
     0.145000      277.165
     0.146000      276.696
     0.147000      276.228
     0.148000      275.760
     0.149000      275.292
     0.150000      274.824
     0.151000      274.356
     0.152000      273.888
     0.153000      273.421
     0.154000      272.953
     0.155000      272.485
     0.156000      272.018
     0.157000      271.550
     0.158000      271.083
     0.159000      270.615
     0.160000      270.147
     0.161000      269.680
     0.162000      269.212
     0.163000      268.744
     0.164000      268.277
     0.165000      267.809
     0.166000      267.341
     0.167000      266.873
     0.168000      266.405
     0.169000      265.937
     0.170000      265.469
     0.171000      265.001
     0.172000      264.532
     0.173000      264.064
     0.174000      263.596
     0.175000      263.127
     0.176000      262.658
     0.177000      262.190
     0.178000      261.721
     0.179000      261.252
     0.180000      260.783
     0.181000      260.314
     0.182000      259.845
     0.183000      259.376
     0.184000      258.907
     0.185000      258.437
     0.186000      257.968
     0.187000      257.498
     0.188000      257.029
     0.189000      256.559
     0.190000      256.089
     0.191000      255.619
     0.192000      255.149
     0.193000      254.679
     0.194000      254.209
     0.195000      253.739
     0.196000      253.269
     0.197000      252.799
     0.198000      252.329
     0.199000      251.858
     0.200000      251.388
     0.201000      250.918
     0.202000      250.447
     0.203000      249.977
     0.204000      249.506
     0.205000      249.035
     0.206000      248.565
     0.207000      248.094
     0.208000      247.623
     0.209000      247.153
     0.210000      246.682
     0.211000      246.211
     0.212000      245.740
     0.213000      245.270
     0.214000      244.799
     0.215000      244.328
     0.216000      243.857
     0.217000      243.386
     0.218000      242.915
     0.219000      242.444
     0.220000      241.973
     0.221000      241.502
     0.222000      241.031
     0.223000      240.560
     0.224000      240.089
     0.225000      239.618
     0.226000      239.147
     0.227000      238.676
     0.228000      238.205
     0.229000      237.734
     0.230000      237.263
     0.231000      236.791
     0.232000      236.320
     0.233000      235.849
     0.234000      235.378
     0.235000      234.907
     0.236000      234.435
     0.237000      233.964
     0.238000      233.493
     0.239000      233.021
     0.240000      232.550
     0.241000      232.079
     0.242000      231.607
     0.243000      231.136
     0.244000      230.664
     0.245000      230.193
     0.246000      229.721
     0.247000      229.250
     0.248000      228.778
     0.249000      228.306
     0.250000      227.834
     0.251000      227.363
     0.252000      226.891
     0.253000      226.419
     0.254000      225.947
     0.255000      225.475
     0.256000      225.003
     0.257000      224.530
     0.258000      224.058
     0.259000      223.586
     0.260000      223.113
     0.261000      222.641
     0.262000      222.168
     0.263000      221.695
     0.264000      221.223
     0.265000      220.750
     0.266000      220.277
     0.267000      219.804
     0.268000      219.331
     0.269000      218.857
     0.270000      218.384
     0.271000      217.910
     0.272000      217.437
     0.273000      216.963
     0.274000      216.489
     0.275000      216.015
     0.276000      215.541
     0.277000      215.067
     0.278000      214.592
     0.279000      214.118
     0.280000      213.643
     0.281000      213.169
     0.282000      212.694
     0.283000      212.219
     0.284000      211.743
     0.285000      211.268
     0.286000      210.793
     0.287000      210.317
     0.288000      209.841
     0.289000      209.365
     0.290000      208.889
     0.291000      208.413
     0.292000      207.936
     0.293000      207.460
     0.294000      206.983
     0.295000      206.506
     0.296000      206.029
     0.297000      205.552
     0.298000      205.075
     0.299000      204.597
     0.300000      204.120
     0.301000      203.642
     0.302000      203.164
     0.303000      202.686
     0.304000      202.207
     0.305000      201.729
     0.306000      201.250
     0.307000      200.771
     0.308000      200.292
     0.309000      199.813
     0.310000      199.334
     0.311000      198.854
     0.312000      198.375
     0.313000      197.895
     0.314000      197.415
     0.315000      196.935
     0.316000      196.455
     0.317000      195.974
     0.318000      195.494
     0.319000      195.013
     0.320000      194.532
     0.321000      194.051
     0.322000      193.570
     0.323000      193.088
     0.324000      192.607
     0.325000      192.125
     0.326000      191.643
     0.327000      191.161
     0.328000      190.679
     0.329000      190.197
     0.330000      189.715
     0.331000      189.232
     0.332000      188.750
     0.333000      188.267
     0.334000      187.784
     0.335000      187.301
     0.336000      186.817
     0.337000      186.334
     0.338000      185.851
     0.339000      185.367
     0.340000      184.883
     0.341000      184.399
     0.342000      183.915
     0.343000      183.431
     0.344000      182.947
     0.345000      182.462
     0.346000      181.978
     0.347000      181.493
     0.348000      181.008
     0.349000      180.523
     0.350000      180.038
     0.351000      179.553
     0.352000      179.068
     0.353000      178.582
     0.354000      178.097
     0.355000      177.611
     0.356000      177.125
     0.357000      176.639
     0.358000      176.153
     0.359000      175.667
     0.360000      175.181
     0.361000      174.694
     0.362000      174.208
     0.363000      173.721
     0.364000      173.234
     0.365000      172.747
     0.366000      172.260
     0.367000      171.772
     0.368000      171.285
     0.369000      170.798
     0.370000      170.310
     0.371000      169.822
     0.372000      169.334
     0.373000      168.846
     0.374000      168.358
     0.375000      167.869
     0.376000      167.380
     0.377000      166.892
     0.378000      166.403
     0.379000      165.914
     0.380000      165.424
     0.381000      164.935
     0.382000      164.445
     0.383000      163.956
     0.384000      163.466
     0.385000      162.975
     0.386000      162.485
     0.387000      161.995
     0.388000      161.504
     0.389000      161.013
     0.390000      160.522
     0.391000      160.030
     0.392000      159.539
     0.393000      159.047
     0.394000      158.555
     0.395000      158.063
     0.396000      157.571
     0.397000      157.078
     0.398000      156.585
     0.399000      156.092
     0.400000      155.599
     0.401000      155.105
     0.402000      154.611
     0.403000      154.117
     0.404000      153.623
     0.405000      153.128
     0.406000      152.633
     0.407000      152.138
     0.408000      151.643
     0.409000      151.147
     0.410000      150.652
     0.411000      150.155
     0.412000      149.659
     0.413000      149.162
     0.414000      148.665
     0.415000      148.168
     0.416000      147.670
     0.417000      147.173
     0.418000      146.675
     0.419000      146.176
     0.420000      145.677
     0.421000      145.178
     0.422000      144.679
     0.423000      144.180
     0.424000      143.680
     0.425000      143.180
     0.426000      142.679
     0.427000      142.179
     0.428000      141.678
     0.429000      141.176
     0.430000      140.675
     0.431000      140.173
     0.432000      139.671
     0.433000      139.169
     0.434000      138.666
     0.435000      138.163
     0.436000      137.660
     0.437000      137.156
     0.438000      136.653
     0.439000      136.149
     0.440000      135.644
     0.441000      135.140
     0.442000      134.635
     0.443000      134.130
     0.444000      133.625
     0.445000      133.120
     0.446000      132.614
     0.447000      132.108
     0.448000      131.602
     0.449000      131.096
     0.450000      130.589
     0.451000      130.082
     0.452000      129.575
     0.453000      129.068
     0.454000      128.561
     0.455000      128.053
     0.456000      127.546
     0.457000      127.038
     0.458000      126.530
     0.459000      126.022
     0.460000      125.513
     0.461000      125.005
     0.462000      124.496
     0.463000      123.987
     0.464000      123.478
     0.465000      122.969
     0.466000      122.459
     0.467000      121.950
     0.468000      121.440
     0.469000      120.930
     0.470000      120.420
     0.471000      119.910
     0.472000      119.399
     0.473000      118.889
     0.474000      118.378
     0.475000      117.866
     0.476000      117.355
     0.477000      116.843
     0.478000      116.331
     0.479000      115.819
     0.480000      115.306
     0.481000      114.793
     0.482000      114.279
     0.483000      113.765
     0.484000      113.251
     0.485000      112.736
     0.486000      112.220
     0.487000      111.704
     0.488000      111.187
     0.489000      110.669
     0.490000      110.151
     0.491000      109.632
     0.492000      109.111
     0.493000      108.590
     0.494000      108.068
     0.495000      107.544
     0.496000      107.019
     0.497000      106.493
     0.498000      105.965
     0.499000      105.436
     0.500000      104.904
     0.501000      104.371
     0.502000      103.836
     0.503000      103.299
     0.504000      102.759
     0.505000      102.217
     0.506000      101.673
     0.507000      101.125
     0.508000      100.574
     0.509000      100.020
     0.510000      99.5647
     0.511000      98.9811
     0.512000      98.4284
     0.513000      97.8967
     0.514000      97.3783
     0.515000      96.8672
     0.516000      96.3589
     0.517000      95.8501
     0.518000      95.3385
     0.519000      94.8226
     0.520000      94.3016
     0.521000      93.7751
     0.522000      93.2433
     0.523000      92.7065
     0.524000      92.1651
     0.525000      91.6199
     0.526000      91.0714
     0.527000      90.5206
     0.528000      89.9681
     0.529000      89.4146
     0.530000      88.8607
     0.531000      88.3068
     0.532000      87.7535
     0.533000      87.2012
     0.534000      86.6500
     0.535000      86.1002
     0.536000      85.5518
     0.537000      85.0048
     0.538000      84.4593
     0.539000      83.9150
     0.540000      83.3719
     0.541000      82.8297
     0.542000      82.2882
     0.543000      81.7472
     0.544000      81.2064
     0.545000      80.6655
     0.546000      80.1243
     0.547000      79.5826
     0.548000      79.0401
     0.549000      78.4965
     0.550000      77.9518
     0.551000      77.4057
     0.552000      76.8582
     0.553000      76.3091
     0.554000      75.7583
     0.555000      75.2058
     0.556000      74.6517
     0.557000      74.0960
     0.558000      73.5386
     0.559000      72.9796
     0.560000      72.4192
     0.561000      71.8573
     0.562000      71.2943
     0.563000      70.7302
     0.564000      70.1650
     0.565000      69.5989
     0.566000      69.0321
     0.567000      68.4647
     0.568000      67.8968
     0.569000      67.3285
     0.570000      66.7599
     0.571000      66.1910
     0.572000      65.6220
     0.573000      65.0528
     0.574000      64.4836
     0.575000      63.9143
     0.576000      63.3447
     0.577000      62.7751
     0.578000      62.2052
     0.579000      61.6351
     0.580000      61.0645
     0.581000      60.4934
     0.582000      59.9218
     0.583000      59.3493
     0.584000      58.7760
     0.585000      58.2016
     0.586000      57.6260
     0.587000      57.0491
     0.588000      56.4706
     0.589000      55.8906
     0.590000      55.3087
     0.591000      54.7249
     0.592000      54.1392
     0.593000      53.5513
     0.594000      52.9613
     0.595000      52.3690
     0.596000      51.7745
     0.597000      51.1778
     0.598000      50.5788
     0.599000      49.9775
     0.600000      49.3742
     0.601000      48.7688
     0.602000      48.1616
     0.603000      47.5525
     0.604000      46.9419
     0.605000      46.3299
     0.606000      45.7166
     0.607000      45.1025
     0.608000      44.4876
     0.609000      43.8723
     0.610000      43.2569
     0.611000      42.6415
     0.612000      42.0266
     0.613000      41.4123
     0.614000      40.7990
     0.615000      40.1870
     0.616000      39.5766
     0.617000      38.9681
     0.618000      38.3616
     0.619000      37.7575
     0.620000      37.1562
     0.621000      36.5576
     0.622000      35.9624
     0.623000      35.3705
     0.624000      34.7822
     0.625000      34.1980
     0.626000      33.6179
     0.627000      33.0423
     0.628000      32.4716
     0.629000      31.9060
     0.630000      31.3460
     0.631000      30.7920
     0.632000      30.2445
     0.633000      29.7042
     0.634000      29.1717
     0.635000      28.6477
     0.636000      28.1333
     0.637000      27.6293
     0.638000      27.1371
     0.639000      26.6578
     0.640000      26.1931
     0.641000      25.7444
     0.642000      25.3137
     0.643000      24.9030
     0.644000      24.5144
     0.645000      24.1470
     0.646000      23.7733
     0.647000      23.3947
     0.648000      23.0143
     0.649000      22.6344
     0.650000      22.2573
     0.651000      21.8849
     0.652000      21.5186
     0.653000      21.1599
     0.654000      20.8099
     0.655000      20.4695
     0.656000      20.1394
     0.657000      19.8200
     0.658000      19.5120
     0.659000      19.2155
     0.660000      18.9306
     0.661000      18.6575
     0.662000      18.3961
     0.663000      18.1463
     0.664000      17.9079
     0.665000      17.6807
     0.666000      17.4644
     0.667000      17.2586
     0.668000      17.0631
     0.669000      16.8774
     0.670000      16.7012
     0.671000      16.5340
     0.672000      16.3754
     0.673000      16.2249
     0.674000      16.0823
     0.675000      15.9469
     0.676000      15.8184
     0.677000      15.6964
     0.678000      15.5805
     0.679000      15.4703
     0.680000      15.3654
     0.681000      15.2654
     0.682000      15.1701
     0.683000      15.0790
     0.684000      14.9919
     0.685000      14.9085
     0.686000      14.8285
     0.687000      14.7517
     0.688000      14.6778
     0.689000      14.6067
     0.690000      14.5381
     0.691000      14.4719
     0.692000      14.4079
     0.693000      14.3459
     0.694000      14.2859
     0.695000      14.2278
     0.696000      14.1714
     0.697000      14.1167
     0.698000      14.0635
     0.699000      14.0120
     0.700000      13.9619
     0.701000      13.9132
     0.702000      13.8660
     0.703000      13.8202
     0.704000      13.7758
     0.705000      13.7327
     0.706000      13.6910
     0.707000      13.6506
     0.708000      13.6115
     0.709000      13.5737
     0.710000      13.5372
     0.711000      13.5019
     0.712000      13.4678
     0.713000      13.4349
     0.714000      13.4032
     0.715000      13.3726
     0.716000      13.3431
     0.717000      13.3145
     0.718000      13.2868
     0.719000      13.2601
     0.720000      13.2340
     0.721000      13.2087
     0.722000      13.1839
     0.723000      13.1596
     0.724000      13.1357
     0.725000      13.1120
     0.726000      13.0885
     0.727000      13.0649
     0.728000      13.0412
     0.729000      13.0173
     0.730000      12.9929
     0.731000      12.9680
     0.732000      12.9425
     0.733000      12.9162
     0.734000      12.8890
     0.735000      12.8607
     0.736000      12.8313
     0.737000      12.8007
     0.738000      12.7688
     0.739000      12.7356
     0.740000      12.7008
     0.741000      12.6646
     0.742000      12.6268
     0.743000      12.5875
     0.744000      12.5467
     0.745000      12.5042
     0.746000      12.4603
     0.747000      12.4148
     0.748000      12.3678
     0.749000      12.3193
     0.750000      12.2695
     0.751000      12.2181
     0.752000      12.1654
     0.753000      12.1112
     0.754000     0.000000
     0.755000     0.000000
     0.756000     0.000000
     0.757000     0.000000
     0.758000     0.000000
     0.759000     0.000000
     0.760000     0.000000
     0.761000     0.000000
     0.762000     0.000000
     0.763000     0.000000
     0.764000     0.000000
     0.765000     0.000000
     0.766000     0.000000
     0.767000     0.000000
     0.768000     0.000000
     0.769000     0.000000
     0.770000     0.000000
     0.771000     0.000000
     0.772000     0.000000
     0.773000     0.000000
     0.774000     0.000000
     0.775000     0.000000
     0.776000     0.000000
     0.777000     0.000000
     0.778000     0.000000
     0.779000     0.000000
     0.780000     0.000000
     0.781000     0.000000
     0.782000     0.000000
     0.783000     0.000000
     0.784000     0.000000
     0.785000     0.000000
     0.786000     0.000000
     0.787000     0.000000
     0.788000     0.000000
     0.789000     0.000000
     0.790000     0.000000
     0.791000     0.000000
     0.792000     0.000000
     0.793000     0.000000
     0.794000     0.000000
     0.795000     0.000000
     0.796000     0.000000
     0.797000     0.000000
     0.798000     0.000000
     0.799000     0.000000
