     0.000000         -NaN
   0.00100000         -NaN
   0.00200000         -NaN
   0.00300000         -NaN
   0.00400000         -NaN
   0.00500000         -NaN
   0.00600000         -NaN
   0.00700000         -NaN
   0.00800000         -NaN
   0.00900000         -NaN
    0.0100000         -NaN
    0.0110000         -NaN
    0.0120000         -NaN
    0.0130000         -NaN
    0.0140000         -NaN
    0.0150000         -NaN
    0.0160000         -NaN
    0.0170000         -NaN
    0.0180000         -NaN
    0.0190000         -NaN
    0.0200000         -NaN
    0.0210000         -NaN
    0.0220000         -NaN
    0.0230000         -NaN
    0.0240000         -NaN
    0.0250000         -NaN
    0.0260000         -NaN
    0.0270000         -NaN
    0.0280000         -NaN
    0.0290000         -NaN
    0.0300000         -NaN
    0.0310000         -NaN
    0.0320000         -NaN
    0.0330000         -NaN
    0.0340000         -NaN
    0.0350000         -NaN
    0.0360000         -NaN
    0.0370000         -NaN
    0.0380000         -NaN
    0.0390000         -NaN
    0.0400000         -NaN
    0.0410000         -NaN
    0.0420000         -NaN
    0.0430000         -NaN
    0.0440000         -NaN
    0.0450000         -NaN
    0.0460000         -NaN
    0.0470000         -NaN
    0.0480000         -NaN
    0.0490000         -NaN
    0.0500000         -NaN
    0.0510000         -NaN
    0.0520000         -NaN
    0.0530000         -NaN
    0.0540000         -NaN
    0.0550000         -NaN
    0.0560000         -NaN
    0.0570000         -NaN
    0.0580000         -NaN
    0.0590000         -NaN
    0.0600000         -NaN
    0.0610000         -NaN
    0.0620000         -NaN
    0.0630000         -NaN
    0.0640000         -NaN
    0.0650000         -NaN
    0.0660000         -NaN
    0.0670000         -NaN
    0.0680000         -NaN
    0.0690000         -NaN
    0.0700000         -NaN
    0.0710000         -NaN
    0.0720000         -NaN
    0.0730000         -NaN
    0.0740000         -NaN
    0.0750000         -NaN
    0.0760000         -NaN
    0.0770000         -NaN
    0.0780000         -NaN
    0.0790000         -NaN
    0.0800000         -NaN
    0.0810000         -NaN
    0.0820000         -NaN
    0.0830000         -NaN
    0.0840000         -NaN
    0.0850000         -NaN
    0.0860000         -NaN
    0.0870000         -NaN
    0.0880000         -NaN
    0.0890000         -NaN
    0.0900000         -NaN
    0.0910000         -NaN
    0.0920000         -NaN
    0.0930000         -NaN
    0.0940000         -NaN
    0.0950000         -NaN
    0.0960000         -NaN
    0.0970000         -NaN
    0.0980000         -NaN
    0.0990000         -NaN
     0.100000         -NaN
     0.101000         -NaN
     0.102000         -NaN
     0.103000         -NaN
     0.104000         -NaN
     0.105000      297.382
     0.106000      296.955
     0.107000      296.524
     0.108000      296.088
     0.109000      295.649
     0.110000      295.206
     0.111000      294.759
     0.112000      294.310
     0.113000      293.857
     0.114000      293.402
     0.115000      292.945
     0.116000      292.485
     0.117000      292.024
     0.118000      291.560
     0.119000      291.096
     0.120000      290.629
     0.121000      290.161
     0.122000      289.693
     0.123000      289.223
     0.124000      288.752
     0.125000      288.281
     0.126000      287.809
     0.127000      287.336
     0.128000      286.863
     0.129000      286.389
     0.130000      285.915
     0.131000      285.441
     0.132000      284.967
     0.133000      284.492
     0.134000      284.018
     0.135000      283.543
     0.136000      283.069
     0.137000      282.594
     0.138000      282.120
     0.139000      281.645
     0.140000      281.171
     0.141000      280.697
     0.142000      280.223
     0.143000      279.750
     0.144000      279.276
     0.145000      278.803
     0.146000      278.330
     0.147000      277.857
     0.148000      277.385
     0.149000      276.913
     0.150000      276.441
     0.151000      275.969
     0.152000      275.498
     0.153000      275.026
     0.154000      274.555
     0.155000      274.084
     0.156000      273.614
     0.157000      273.143
     0.158000      272.673
     0.159000      272.203
     0.160000      271.733
     0.161000      271.264
     0.162000      270.794
     0.163000      270.325
     0.164000      269.856
     0.165000      269.387
     0.166000      268.918
     0.167000      268.449
     0.168000      267.980
     0.169000      267.511
     0.170000      267.042
     0.171000      266.574
     0.172000      266.105
     0.173000      265.636
     0.174000      265.168
     0.175000      264.699
     0.176000      264.231
     0.177000      263.762
     0.178000      263.293
     0.179000      262.825
     0.180000      262.356
     0.181000      261.887
     0.182000      261.418
     0.183000      260.949
     0.184000      260.480
     0.185000      260.011
     0.186000      259.542
     0.187000      259.073
     0.188000      258.603
     0.189000      258.133
     0.190000      257.664
     0.191000      257.194
     0.192000      256.724
     0.193000      256.254
     0.194000      255.784
     0.195000      255.313
     0.196000      254.843
     0.197000      254.372
     0.198000      253.901
     0.199000      253.430
     0.200000      252.959
     0.201000      252.488
     0.202000      252.017
     0.203000      251.545
     0.204000      251.074
     0.205000      250.602
     0.206000      250.130
     0.207000      249.658
     0.208000      249.185
     0.209000      248.713
     0.210000      248.240
     0.211000      247.768
     0.212000      247.295
     0.213000      246.822
     0.214000      246.349
     0.215000      245.875
     0.216000      245.402
     0.217000      244.928
     0.218000      244.455
     0.219000      243.981
     0.220000      243.507
     0.221000      243.033
     0.222000      242.559
     0.223000      242.085
     0.224000      241.611
     0.225000      241.136
     0.226000      240.662
     0.227000      240.187
     0.228000      239.712
     0.229000      239.238
     0.230000      238.763
     0.231000      238.288
     0.232000      237.813
     0.233000      237.338
     0.234000      236.863
     0.235000      236.387
     0.236000      235.912
     0.237000      235.437
     0.238000      234.961
     0.239000      234.486
     0.240000      234.010
     0.241000      233.535
     0.242000      233.059
     0.243000      232.583
     0.244000      232.107
     0.245000      231.632
     0.246000      231.156
     0.247000      230.680
     0.248000      230.204
     0.249000      229.728
     0.250000      229.252
     0.251000      228.776
     0.252000      228.300
     0.253000      227.824
     0.254000      227.347
     0.255000      226.871
     0.256000      226.395
     0.257000      225.919
     0.258000      225.442
     0.259000      224.966
     0.260000      224.489
     0.261000      224.013
     0.262000      223.536
     0.263000      223.060
     0.264000      222.583
     0.265000      222.106
     0.266000      221.630
     0.267000      221.153
     0.268000      220.676
     0.269000      220.199
     0.270000      219.722
     0.271000      219.245
     0.272000      218.768
     0.273000      218.291
     0.274000      217.813
     0.275000      217.336
     0.276000      216.859
     0.277000      216.381
     0.278000      215.904
     0.279000      215.426
     0.280000      214.948
     0.281000      214.470
     0.282000      213.992
     0.283000      213.514
     0.284000      213.036
     0.285000      212.558
     0.286000      212.080
     0.287000      211.601
     0.288000      211.122
     0.289000      210.644
     0.290000      210.165
     0.291000      209.686
     0.292000      209.207
     0.293000      208.728
     0.294000      208.248
     0.295000      207.769
     0.296000      207.289
     0.297000      206.809
     0.298000      206.329
     0.299000      205.849
     0.300000      205.369
     0.301000      204.889
     0.302000      204.408
     0.303000      203.928
     0.304000      203.447
     0.305000      202.966
     0.306000      202.484
     0.307000      202.003
     0.308000      201.521
     0.309000      201.040
     0.310000      200.558
     0.311000      200.076
     0.312000      199.593
     0.313000      199.111
     0.314000      198.628
     0.315000      198.145
     0.316000      197.662
     0.317000      197.179
     0.318000      196.696
     0.319000      196.212
     0.320000      195.728
     0.321000      195.244
     0.322000      194.760
     0.323000      194.276
     0.324000      193.791
     0.325000      193.306
     0.326000      192.821
     0.327000      192.336
     0.328000      191.850
     0.329000      191.365
     0.330000      190.879
     0.331000      190.393
     0.332000      189.907
     0.333000      189.420
     0.334000      188.934
     0.335000      188.447
     0.336000      187.960
     0.337000      187.473
     0.338000      186.985
     0.339000      186.498
     0.340000      186.010
     0.341000      185.522
     0.342000      185.034
     0.343000      184.545
     0.344000      184.057
     0.345000      183.568
     0.346000      183.079
     0.347000      182.590
     0.348000      182.101
     0.349000      181.611
     0.350000      181.121
     0.351000      180.632
     0.352000      180.141
     0.353000      179.651
     0.354000      179.161
     0.355000      178.670
     0.356000      178.180
     0.357000      177.689
     0.358000      177.198
     0.359000      176.706
     0.360000      176.215
     0.361000      175.723
     0.362000      175.231
     0.363000      174.740
     0.364000      174.248
     0.365000      173.755
     0.366000      173.263
     0.367000      172.770
     0.368000      172.278
     0.369000      171.785
     0.370000      171.292
     0.371000      170.798
     0.372000      170.305
     0.373000      169.812
     0.374000      169.318
     0.375000      168.824
     0.376000      168.330
     0.377000      167.836
     0.378000      167.342
     0.379000      166.847
     0.380000      166.352
     0.381000      165.858
     0.382000      165.363
     0.383000      164.868
     0.384000      164.372
     0.385000      163.877
     0.386000      163.381
     0.387000      162.886
     0.388000      162.390
     0.389000      161.893
     0.390000      161.397
     0.391000      160.901
     0.392000      160.404
     0.393000      159.907
     0.394000      159.410
     0.395000      158.913
     0.396000      158.416
     0.397000      157.918
     0.398000      157.420
     0.399000      156.922
     0.400000      156.424
     0.401000      155.926
     0.402000      155.427
     0.403000      154.928
     0.404000      154.429
     0.405000      153.930
     0.406000      153.430
     0.407000      152.930
     0.408000      152.430
     0.409000      151.930
     0.410000      151.430
     0.411000      150.929
     0.412000      150.428
     0.413000      149.927
     0.414000      149.425
     0.415000      148.923
     0.416000      148.421
     0.417000      147.919
     0.418000      147.416
     0.419000      146.913
     0.420000      146.410
     0.421000      145.906
     0.422000      145.402
     0.423000      144.898
     0.424000      144.393
     0.425000      143.888
     0.426000      143.383
     0.427000      142.878
     0.428000      142.372
     0.429000      141.865
     0.430000      141.359
     0.431000      140.852
     0.432000      140.344
     0.433000      139.837
     0.434000      139.329
     0.435000      138.820
     0.436000      138.311
     0.437000      137.802
     0.438000      137.293
     0.439000      136.783
     0.440000      136.272
     0.441000      135.762
     0.442000      135.251
     0.443000      134.739
     0.444000      134.227
     0.445000      133.715
     0.446000      133.202
     0.447000      132.689
     0.448000      132.176
     0.449000      131.662
     0.450000      131.148
     0.451000      130.633
     0.452000      130.118
     0.453000      129.603
     0.454000      129.087
     0.455000      128.571
     0.456000      128.055
     0.457000      127.538
     0.458000      127.020
     0.459000      126.503
     0.460000      125.985
     0.461000      125.467
     0.462000      124.948
     0.463000      124.429
     0.464000      123.910
     0.465000      123.390
     0.466000      122.870
     0.467000      122.349
     0.468000      121.829
     0.469000      121.308
     0.470000      120.787
     0.471000      120.265
     0.472000      119.743
     0.473000      119.221
     0.474000      118.698
     0.475000      118.176
     0.476000      117.653
     0.477000      117.129
     0.478000      116.606
     0.479000      116.082
     0.480000      115.558
     0.481000      115.034
     0.482000      114.509
     0.483000      113.984
     0.484000      113.459
     0.485000      112.934
     0.486000      112.408
     0.487000      111.883
     0.488000      111.356
     0.489000      110.830
     0.490000      110.303
     0.491000      109.776
     0.492000      109.249
     0.493000      108.722
     0.494000      108.194
     0.495000      107.665
     0.496000      107.137
     0.497000      106.608
     0.498000      106.078
     0.499000      105.548
     0.500000      105.017
     0.501000      104.486
     0.502000      103.955
     0.503000      103.422
     0.504000      102.889
     0.505000      102.356
     0.506000      101.821
     0.507000      101.286
     0.508000      100.749
     0.509000      100.212
     0.510000      99.5537
     0.511000      98.9740
     0.512000      98.4160
     0.513000      97.8738
     0.514000      97.3424
     0.515000      96.8178
     0.516000      96.2967
     0.517000      95.7770
     0.518000      95.2564
     0.519000      94.7339
     0.520000      94.2084
     0.521000      93.6793
     0.522000      93.1463
     0.523000      92.6093
     0.524000      92.0683
     0.525000      91.5236
     0.526000      90.9753
     0.527000      90.4239
     0.528000      89.8698
     0.529000      89.3133
     0.530000      88.7550
     0.531000      88.1950
     0.532000      87.6340
     0.533000      87.0722
     0.534000      86.5099
     0.535000      85.9474
     0.536000      85.3850
     0.537000      84.8229
     0.538000      84.2612
     0.539000      83.7000
     0.540000      83.1395
     0.541000      82.5797
     0.542000      82.0206
     0.543000      81.4622
     0.544000      80.9043
     0.545000      80.3471
     0.546000      79.7903
     0.547000      79.2339
     0.548000      78.6778
     0.549000      78.1219
     0.550000      77.5659
     0.551000      77.0098
     0.552000      76.4534
     0.553000      75.8965
     0.554000      75.3391
     0.555000      74.7809
     0.556000      74.2219
     0.557000      73.6619
     0.558000      73.1009
     0.559000      72.5385
     0.560000      71.9748
     0.561000      71.4097
     0.562000      70.8431
     0.563000      70.2750
     0.564000      69.7052
     0.565000      69.1337
     0.566000      68.5605
     0.567000      67.9856
     0.568000      67.4090
     0.569000      66.8306
     0.570000      66.2504
     0.571000      65.6686
     0.572000      65.0851
     0.573000      64.5000
     0.574000      63.9133
     0.575000      63.3251
     0.576000      62.7354
     0.577000      62.1445
     0.578000      61.5522
     0.579000      60.9588
     0.580000      60.3644
     0.581000      59.7690
     0.582000      59.1727
     0.583000      58.5757
     0.584000      57.9781
     0.585000      57.3800
     0.586000      56.7816
     0.587000      56.1829
     0.588000      55.5840
     0.589000      54.9852
     0.590000      54.3865
     0.591000      53.7879
     0.592000      53.1898
     0.593000      52.5921
     0.594000      51.9950
     0.595000      51.3985
     0.596000      50.8028
     0.597000      50.2080
     0.598000      49.6141
     0.599000      49.0212
     0.600000      48.4294
     0.601000      47.8388
     0.602000      47.2495
     0.603000      46.6614
     0.604000      46.0747
     0.605000      45.4894
     0.606000      44.9056
     0.607000      44.3234
     0.608000      43.7427
     0.609000      43.1636
     0.610000      42.5862
     0.611000      42.0106
     0.612000      41.4368
     0.613000      40.8648
     0.614000      40.2946
     0.615000      39.7265
     0.616000      39.1604
     0.617000      38.5965
     0.618000      38.0347
     0.619000      37.4752
     0.620000      36.9179
     0.621000      36.3630
     0.622000      35.8105
     0.623000      35.2603
     0.624000      34.7123
     0.625000      34.1666
     0.626000      33.6228
     0.627000      33.0808
     0.628000      32.5402
     0.629000      32.0003
     0.630000      31.4605
     0.631000      30.9199
     0.632000      30.3773
     0.633000      29.8311
     0.634000      29.2795
     0.635000      28.7202
     0.636000      28.1504
     0.637000      27.5665
     0.638000      26.9645
     0.639000      26.3394
     0.640000      25.6854
     0.641000      24.9953
     0.642000      24.2610
     0.643000      24.1990
     0.644000      23.8234
     0.645000      23.4891
     0.646000      23.1867
     0.647000      22.9085
     0.648000      22.6484
     0.649000      22.4015
     0.650000      22.1640
     0.651000      21.9331
     0.652000      21.7068
     0.653000      21.4836
     0.654000      21.2627
     0.655000      21.0437
     0.656000      20.8263
     0.657000      20.6107
     0.658000      20.3973
     0.659000      20.1865
     0.660000      19.9787
     0.661000      19.7745
     0.662000      19.5744
     0.663000      19.3791
     0.664000      19.1889
     0.665000      19.0042
     0.666000      18.8255
     0.667000      18.6530
     0.668000      18.4870
     0.669000      18.3275
     0.670000      18.1747
     0.671000      18.0285
     0.672000      17.8888
     0.673000      17.7556
     0.674000      17.6285
     0.675000      17.5074
     0.676000      17.3920
     0.677000      17.2819
     0.678000      17.1769
     0.679000      17.0765
     0.680000      16.9805
     0.681000      16.8884
     0.682000      16.8000
     0.683000      16.7148
     0.684000      16.6325
     0.685000      16.5529
     0.686000      16.4756
     0.687000      16.4004
     0.688000      16.3271
     0.689000      16.2554
     0.690000      16.1852
     0.691000      16.1164
     0.692000      16.0489
     0.693000      15.9825
     0.694000      15.9172
     0.695000      15.8531
     0.696000      15.7901
     0.697000      15.7282
     0.698000      15.6675
     0.699000      15.6080
     0.700000      15.5498
     0.701000      15.4930
     0.702000      15.4376
     0.703000      15.3837
     0.704000      15.3315
     0.705000      15.2809
     0.706000      15.2321
     0.707000      15.1851
     0.708000      15.1400
     0.709000      15.0967
     0.710000      15.0554
     0.711000      15.0159
     0.712000      14.9783
     0.713000      14.9425
     0.714000      14.9085
     0.715000      14.8762
     0.716000      14.8454
     0.717000      14.8161
     0.718000      14.7882
     0.719000      14.7614
     0.720000      14.7357
     0.721000      14.7108
     0.722000      14.6866
     0.723000      14.6629
     0.724000      14.6394
     0.725000      14.6161
     0.726000      14.5926
     0.727000      14.5689
     0.728000      14.5447
     0.729000      14.5199
     0.730000      14.4943
     0.731000      14.4678
     0.732000      14.4402
     0.733000      14.4114
     0.734000      14.3814
     0.735000      14.3501
     0.736000      14.3174
     0.737000      14.2832
     0.738000      14.2476
     0.739000      14.2106
     0.740000      14.1721
     0.741000      14.1323
     0.742000      14.0910
     0.743000      14.0484
     0.744000      14.0046
     0.745000      13.9594
     0.746000      13.9130
     0.747000      13.8654
     0.748000      13.8166
     0.749000      13.7665
     0.750000      13.7152
     0.751000      13.6625
     0.752000      13.6084
     0.753000      13.5528
     0.754000      13.4953
     0.755000      13.4360
     0.756000      13.3746
     0.757000      13.3108
     0.758000      13.2444
     0.759000      13.1752
     0.760000      13.1030
     0.761000      13.0276
     0.762000      12.9490
     0.763000      12.8671
     0.764000      12.7822
     0.765000      12.6946
     0.766000      12.6049
     0.767000      12.5142
     0.768000      12.4237
     0.769000      12.3353
     0.770000      12.2515
     0.771000      12.1753
     0.772000      12.1108
     0.773000     0.000000
     0.774000     0.000000
     0.775000     0.000000
     0.776000     0.000000
     0.777000     0.000000
     0.778000     0.000000
     0.779000     0.000000
     0.780000     0.000000
     0.781000     0.000000
     0.782000     0.000000
     0.783000     0.000000
     0.784000     0.000000
     0.785000     0.000000
     0.786000     0.000000
     0.787000     0.000000
     0.788000     0.000000
     0.789000     0.000000
     0.790000     0.000000
     0.791000     0.000000
     0.792000     0.000000
     0.793000     0.000000
     0.794000     0.000000
     0.795000     0.000000
     0.796000     0.000000
     0.797000     0.000000
     0.798000     0.000000
     0.799000     0.000000
