     0.000000         -NaN
   0.00100000         -NaN
   0.00200000         -NaN
   0.00300000         -NaN
   0.00400000         -NaN
   0.00500000         -NaN
   0.00600000         -NaN
   0.00700000         -NaN
   0.00800000         -NaN
   0.00900000         -NaN
    0.0100000         -NaN
    0.0110000         -NaN
    0.0120000         -NaN
    0.0130000         -NaN
    0.0140000         -NaN
    0.0150000         -NaN
    0.0160000         -NaN
    0.0170000         -NaN
    0.0180000         -NaN
    0.0190000         -NaN
    0.0200000         -NaN
    0.0210000         -NaN
    0.0220000         -NaN
    0.0230000         -NaN
    0.0240000         -NaN
    0.0250000         -NaN
    0.0260000         -NaN
    0.0270000         -NaN
    0.0280000         -NaN
    0.0290000         -NaN
    0.0300000         -NaN
    0.0310000         -NaN
    0.0320000         -NaN
    0.0330000         -NaN
    0.0340000         -NaN
    0.0350000         -NaN
    0.0360000         -NaN
    0.0370000         -NaN
    0.0380000         -NaN
    0.0390000         -NaN
    0.0400000         -NaN
    0.0410000         -NaN
    0.0420000         -NaN
    0.0430000         -NaN
    0.0440000         -NaN
    0.0450000         -NaN
    0.0460000         -NaN
    0.0470000         -NaN
    0.0480000         -NaN
    0.0490000         -NaN
    0.0500000         -NaN
    0.0510000         -NaN
    0.0520000         -NaN
    0.0530000         -NaN
    0.0540000         -NaN
    0.0550000         -NaN
    0.0560000         -NaN
    0.0570000         -NaN
    0.0580000         -NaN
    0.0590000         -NaN
    0.0600000         -NaN
    0.0610000         -NaN
    0.0620000         -NaN
    0.0630000         -NaN
    0.0640000         -NaN
    0.0650000         -NaN
    0.0660000         -NaN
    0.0670000         -NaN
    0.0680000         -NaN
    0.0690000         -NaN
    0.0700000         -NaN
    0.0710000         -NaN
    0.0720000         -NaN
    0.0730000         -NaN
    0.0740000         -NaN
    0.0750000         -NaN
    0.0760000         -NaN
    0.0770000         -NaN
    0.0780000         -NaN
    0.0790000         -NaN
    0.0800000         -NaN
    0.0810000         -NaN
    0.0820000         -NaN
    0.0830000         -NaN
    0.0840000         -NaN
    0.0850000         -NaN
    0.0860000         -NaN
    0.0870000         -NaN
    0.0880000         -NaN
    0.0890000         -NaN
    0.0900000         -NaN
    0.0910000         -NaN
    0.0920000         -NaN
    0.0930000         -NaN
    0.0940000         -NaN
    0.0950000         -NaN
    0.0960000         -NaN
    0.0970000         -NaN
    0.0980000         -NaN
    0.0990000         -NaN
     0.100000         -NaN
     0.101000         -NaN
     0.102000         -NaN
     0.103000         -NaN
     0.104000         -NaN
     0.105000         -NaN
     0.106000         -NaN
     0.107000         -NaN
     0.108000         -NaN
     0.109000         -NaN
     0.110000         -NaN
     0.111000         -NaN
     0.112000      293.476
     0.113000      292.979
     0.114000      292.484
     0.115000      291.992
     0.116000      291.501
     0.117000      291.012
     0.118000      290.525
     0.119000      290.039
     0.120000      289.555
     0.121000      289.072
     0.122000      288.590
     0.123000      288.109
     0.124000      287.629
     0.125000      287.150
     0.126000      286.672
     0.127000      286.195
     0.128000      285.719
     0.129000      285.243
     0.130000      284.767
     0.131000      284.292
     0.132000      283.818
     0.133000      283.344
     0.134000      282.870
     0.135000      282.396
     0.136000      281.923
     0.137000      281.450
     0.138000      280.977
     0.139000      280.505
     0.140000      280.032
     0.141000      279.560
     0.142000      279.087
     0.143000      278.615
     0.144000      278.142
     0.145000      277.670
     0.146000      277.198
     0.147000      276.726
     0.148000      276.253
     0.149000      275.781
     0.150000      275.308
     0.151000      274.836
     0.152000      274.363
     0.153000      273.891
     0.154000      273.418
     0.155000      272.945
     0.156000      272.473
     0.157000      272.000
     0.158000      271.527
     0.159000      271.054
     0.160000      270.581
     0.161000      270.107
     0.162000      269.634
     0.163000      269.161
     0.164000      268.687
     0.165000      268.214
     0.166000      267.740
     0.167000      267.267
     0.168000      266.793
     0.169000      266.319
     0.170000      265.846
     0.171000      265.372
     0.172000      264.898
     0.173000      264.424
     0.174000      263.950
     0.175000      263.476
     0.176000      263.002
     0.177000      262.528
     0.178000      262.054
     0.179000      261.580
     0.180000      261.106
     0.181000      260.632
     0.182000      260.158
     0.183000      259.684
     0.184000      259.210
     0.185000      258.735
     0.186000      258.261
     0.187000      257.787
     0.188000      257.313
     0.189000      256.839
     0.190000      256.365
     0.191000      255.891
     0.192000      255.417
     0.193000      254.943
     0.194000      254.469
     0.195000      253.995
     0.196000      253.521
     0.197000      253.048
     0.198000      252.574
     0.199000      252.100
     0.200000      251.626
     0.201000      251.152
     0.202000      250.679
     0.203000      250.205
     0.204000      249.731
     0.205000      249.258
     0.206000      248.784
     0.207000      248.310
     0.208000      247.837
     0.209000      247.363
     0.210000      246.890
     0.211000      246.416
     0.212000      245.942
     0.213000      245.469
     0.214000      244.995
     0.215000      244.522
     0.216000      244.048
     0.217000      243.575
     0.218000      243.102
     0.219000      242.628
     0.220000      242.155
     0.221000      241.681
     0.222000      241.208
     0.223000      240.734
     0.224000      240.261
     0.225000      239.787
     0.226000      239.314
     0.227000      238.840
     0.228000      238.367
     0.229000      237.893
     0.230000      237.420
     0.231000      236.946
     0.232000      236.473
     0.233000      235.999
     0.234000      235.525
     0.235000      235.051
     0.236000      234.578
     0.237000      234.104
     0.238000      233.630
     0.239000      233.156
     0.240000      232.682
     0.241000      232.208
     0.242000      231.734
     0.243000      231.260
     0.244000      230.786
     0.245000      230.312
     0.246000      229.838
     0.247000      229.363
     0.248000      228.889
     0.249000      228.415
     0.250000      227.940
     0.251000      227.465
     0.252000      226.991
     0.253000      226.516
     0.254000      226.041
     0.255000      225.566
     0.256000      225.091
     0.257000      224.616
     0.258000      224.141
     0.259000      223.666
     0.260000      223.190
     0.261000      222.715
     0.262000      222.239
     0.263000      221.764
     0.264000      221.288
     0.265000      220.812
     0.266000      220.336
     0.267000      219.860
     0.268000      219.384
     0.269000      218.908
     0.270000      218.432
     0.271000      217.955
     0.272000      217.479
     0.273000      217.002
     0.274000      216.525
     0.275000      216.048
     0.276000      215.571
     0.277000      215.094
     0.278000      214.617
     0.279000      214.140
     0.280000      213.662
     0.281000      213.185
     0.282000      212.707
     0.283000      212.229
     0.284000      211.751
     0.285000      211.273
     0.286000      210.795
     0.287000      210.317
     0.288000      209.838
     0.289000      209.360
     0.290000      208.881
     0.291000      208.402
     0.292000      207.923
     0.293000      207.444
     0.294000      206.965
     0.295000      206.486
     0.296000      206.006
     0.297000      205.527
     0.298000      205.047
     0.299000      204.567
     0.300000      204.087
     0.301000      203.607
     0.302000      203.127
     0.303000      202.646
     0.304000      202.166
     0.305000      201.685
     0.306000      201.204
     0.307000      200.723
     0.308000      200.242
     0.309000      199.761
     0.310000      199.279
     0.311000      198.798
     0.312000      198.316
     0.313000      197.834
     0.314000      197.352
     0.315000      196.870
     0.316000      196.388
     0.317000      195.905
     0.318000      195.423
     0.319000      194.940
     0.320000      194.457
     0.321000      193.974
     0.322000      193.490
     0.323000      193.007
     0.324000      192.523
     0.325000      192.039
     0.326000      191.555
     0.327000      191.071
     0.328000      190.587
     0.329000      190.102
     0.330000      189.618
     0.331000      189.133
     0.332000      188.648
     0.333000      188.163
     0.334000      187.677
     0.335000      187.192
     0.336000      186.706
     0.337000      186.220
     0.338000      185.734
     0.339000      185.248
     0.340000      184.761
     0.341000      184.275
     0.342000      183.788
     0.343000      183.301
     0.344000      182.814
     0.345000      182.326
     0.346000      181.839
     0.347000      181.351
     0.348000      180.863
     0.349000      180.375
     0.350000      179.887
     0.351000      179.398
     0.352000      178.909
     0.353000      178.420
     0.354000      177.931
     0.355000      177.442
     0.356000      176.952
     0.357000      176.463
     0.358000      175.973
     0.359000      175.483
     0.360000      174.992
     0.361000      174.502
     0.362000      174.011
     0.363000      173.520
     0.364000      173.029
     0.365000      172.538
     0.366000      172.046
     0.367000      171.555
     0.368000      171.063
     0.369000      170.571
     0.370000      170.078
     0.371000      169.586
     0.372000      169.093
     0.373000      168.600
     0.374000      168.107
     0.375000      167.614
     0.376000      167.120
     0.377000      166.627
     0.378000      166.133
     0.379000      165.639
     0.380000      165.145
     0.381000      164.650
     0.382000      164.156
     0.383000      163.661
     0.384000      163.166
     0.385000      162.671
     0.386000      162.175
     0.387000      161.680
     0.388000      161.184
     0.389000      160.688
     0.390000      160.192
     0.391000      159.695
     0.392000      159.199
     0.393000      158.702
     0.394000      158.205
     0.395000      157.708
     0.396000      157.211
     0.397000      156.714
     0.398000      156.216
     0.399000      155.718
     0.400000      155.220
     0.401000      154.722
     0.402000      154.224
     0.403000      153.725
     0.404000      153.227
     0.405000      152.728
     0.406000      152.229
     0.407000      151.730
     0.408000      151.230
     0.409000      150.731
     0.410000      150.231
     0.411000      149.731
     0.412000      149.231
     0.413000      148.730
     0.414000      148.230
     0.415000      147.729
     0.416000      147.228
     0.417000      146.727
     0.418000      146.226
     0.419000      145.724
     0.420000      145.223
     0.421000      144.721
     0.422000      144.219
     0.423000      143.716
     0.424000      143.214
     0.425000      142.711
     0.426000      142.208
     0.427000      141.705
     0.428000      141.201
     0.429000      140.698
     0.430000      140.194
     0.431000      139.690
     0.432000      139.185
     0.433000      138.681
     0.434000      138.176
     0.435000      137.671
     0.436000      137.165
     0.437000      136.659
     0.438000      136.153
     0.439000      135.647
     0.440000      135.140
     0.441000      134.634
     0.442000      134.126
     0.443000      133.619
     0.444000      133.111
     0.445000      132.603
     0.446000      132.094
     0.447000      131.585
     0.448000      131.076
     0.449000      130.567
     0.450000      130.057
     0.451000      129.546
     0.452000      129.036
     0.453000      128.525
     0.454000      128.013
     0.455000      127.501
     0.456000      126.989
     0.457000      126.476
     0.458000      125.963
     0.459000      125.450
     0.460000      124.936
     0.461000      124.422
     0.462000      123.907
     0.463000      123.392
     0.464000      122.876
     0.465000      122.360
     0.466000      121.844
     0.467000      121.327
     0.468000      120.810
     0.469000      120.292
     0.470000      119.774
     0.471000      119.256
     0.472000      118.737
     0.473000      118.218
     0.474000      117.698
     0.475000      117.178
     0.476000      116.658
     0.477000      116.137
     0.478000      115.616
     0.479000      115.095
     0.480000      114.574
     0.481000      114.052
     0.482000      113.531
     0.483000      113.009
     0.484000      112.487
     0.485000      111.965
     0.486000      111.443
     0.487000      110.921
     0.488000      110.399
     0.489000      109.877
     0.490000      109.356
     0.491000      108.834
     0.492000      108.313
     0.493000      107.793
     0.494000      107.273
     0.495000      106.754
     0.496000      106.235
     0.497000      105.717
     0.498000      105.200
     0.499000      104.684
     0.500000      104.170
     0.501000      103.656
     0.502000      103.144
     0.503000      102.634
     0.504000      102.125
     0.505000      101.618
     0.506000      101.114
     0.507000      100.611
     0.508000      99.8444
     0.509000      99.2907
     0.510000      98.7513
     0.511000      98.2215
     0.512000      97.6978
     0.513000      97.1775
     0.514000      96.6583
     0.515000      96.1389
     0.516000      95.6180
     0.517000      95.0951
     0.518000      94.5697
     0.519000      94.0415
     0.520000      93.5107
     0.521000      92.9772
     0.522000      92.4414
     0.523000      91.9034
     0.524000      91.3636
     0.525000      90.8222
     0.526000      90.2795
     0.527000      89.7359
     0.528000      89.1916
     0.529000      88.6467
     0.530000      88.1015
     0.531000      87.5561
     0.532000      87.0107
     0.533000      86.4653
     0.534000      85.9200
     0.535000      85.3747
     0.536000      84.8296
     0.537000      84.2845
     0.538000      83.7394
     0.539000      83.1943
     0.540000      82.6490
     0.541000      82.1037
     0.542000      81.5580
     0.543000      81.0120
     0.544000      80.4656
     0.545000      79.9187
     0.546000      79.3712
     0.547000      78.8232
     0.548000      78.2745
     0.549000      77.7251
     0.550000      77.1750
     0.551000      76.6242
     0.552000      76.0726
     0.553000      75.5202
     0.554000      74.9671
     0.555000      74.4133
     0.556000      73.8587
     0.557000      73.3034
     0.558000      72.7474
     0.559000      72.1908
     0.560000      71.6335
     0.561000      71.0756
     0.562000      70.5171
     0.563000      69.9581
     0.564000      69.3985
     0.565000      68.8383
     0.566000      68.2776
     0.567000      67.7164
     0.568000      67.1545
     0.569000      66.5922
     0.570000      66.0292
     0.571000      65.4656
     0.572000      64.9013
     0.573000      64.3364
     0.574000      63.7707
     0.575000      63.2043
     0.576000      62.6369
     0.577000      62.0687
     0.578000      61.4996
     0.579000      60.9294
     0.580000      60.3582
     0.581000      59.7858
     0.582000      59.2124
     0.583000      58.6377
     0.584000      58.0618
     0.585000      57.4847
     0.586000      56.9062
     0.587000      56.3266
     0.588000      55.7456
     0.589000      55.1634
     0.590000      54.5800
     0.591000      53.9954
     0.592000      53.4097
     0.593000      52.8230
     0.594000      52.2353
     0.595000      51.6468
     0.596000      51.0575
     0.597000      50.4676
     0.598000      49.8772
     0.599000      49.2864
     0.600000      48.6955
     0.601000      48.1046
     0.602000      47.5139
     0.603000      46.9236
     0.604000      46.3338
     0.605000      45.7447
     0.606000      45.1567
     0.607000      44.5698
     0.608000      43.9843
     0.609000      43.4004
     0.610000      42.8184
     0.611000      42.2384
     0.612000      41.6607
     0.613000      41.0855
     0.614000      40.5130
     0.615000      39.9434
     0.616000      39.3771
     0.617000      38.8142
     0.618000      38.2550
     0.619000      37.6997
     0.620000      37.1486
     0.621000      36.6020
     0.622000      36.0603
     0.623000      35.5236
     0.624000      34.9924
     0.625000      34.4669
     0.626000      33.9477
     0.627000      33.4350
     0.628000      32.9293
     0.629000      32.4311
     0.630000      31.9408
     0.631000      31.4589
     0.632000      30.9860
     0.633000      30.5224
     0.634000      30.0688
     0.635000      29.6255
     0.636000      29.1929
     0.637000      28.7715
     0.638000      28.3615
     0.639000      27.9630
     0.640000      27.5758
     0.641000      27.1999
     0.642000      26.8345
     0.643000      26.4787
     0.644000      26.1313
     0.645000      25.7903
     0.646000      25.4531
     0.647000      25.1166
     0.648000      24.7766
     0.649000      24.4278
     0.650000      24.1566
     0.651000      23.8694
     0.652000      23.5783
     0.653000      23.2850
     0.654000      22.9910
     0.655000      22.6976
     0.656000      22.4061
     0.657000      22.1177
     0.658000      21.8333
     0.659000      21.5538
     0.660000      21.2802
     0.661000      21.0129
     0.662000      20.7526
     0.663000      20.4998
     0.664000      20.2548
     0.665000      20.0179
     0.666000      19.7892
     0.667000      19.5689
     0.668000      19.3571
     0.669000      19.1536
     0.670000      18.9583
     0.671000      18.7713
     0.672000      18.5922
     0.673000      18.4208
     0.674000      18.2569
     0.675000      18.1002
     0.676000      17.9505
     0.677000      17.8073
     0.678000      17.6704
     0.679000      17.5394
     0.680000      17.4140
     0.681000      17.2940
     0.682000      17.1789
     0.683000      17.0684
     0.684000      16.9624
     0.685000      16.8604
     0.686000      16.7622
     0.687000      16.6675
     0.688000      16.5762
     0.689000      16.4880
     0.690000      16.4027
     0.691000      16.3201
     0.692000      16.2400
     0.693000      16.1624
     0.694000      16.0870
     0.695000      16.0138
     0.696000      15.9427
     0.697000      15.8736
     0.698000      15.8064
     0.699000      15.7410
     0.700000      15.6775
     0.701000      15.6157
     0.702000      15.5557
     0.703000      15.4974
     0.704000      15.4408
     0.705000      15.3858
     0.706000      15.3325
     0.707000      15.2808
     0.708000      15.2308
     0.709000      15.1823
     0.710000      15.1354
     0.711000      15.0901
     0.712000      15.0462
     0.713000      15.0039
     0.714000      14.9630
     0.715000      14.9234
     0.716000      14.8852
     0.717000      14.8482
     0.718000      14.8125
     0.719000      14.7779
     0.720000      14.7443
     0.721000      14.7117
     0.722000      14.6799
     0.723000      14.6490
     0.724000      14.6187
     0.725000      14.5890
     0.726000      14.5597
     0.727000      14.5308
     0.728000      14.5021
     0.729000      14.4736
     0.730000      14.4450
     0.731000      14.4164
     0.732000      14.3874
     0.733000      14.3582
     0.734000      14.3284
     0.735000      14.2981
     0.736000      14.2670
     0.737000      14.2351
     0.738000      14.2023
     0.739000      14.1683
     0.740000      14.1332
     0.741000      14.0968
     0.742000      14.0590
     0.743000      14.0196
     0.744000      13.9786
     0.745000      13.9359
     0.746000      13.8912
     0.747000      13.8446
     0.748000      13.7958
     0.749000      13.7449
     0.750000      13.6916
     0.751000      13.6358
     0.752000      13.5775
     0.753000      13.5166
     0.754000      13.4530
     0.755000      13.3866
     0.756000      13.3173
     0.757000      13.2452
     0.758000      13.1702
     0.759000      13.0925
     0.760000      13.0121
     0.761000      12.9292
     0.762000      12.8441
     0.763000      12.7570
     0.764000      12.6686
     0.765000      12.5793
     0.766000      12.4900
     0.767000      12.4016
     0.768000      12.3152
     0.769000      12.2324
     0.770000      12.1549
     0.771000      12.0848
     0.772000     0.000000
     0.773000     0.000000
     0.774000     0.000000
     0.775000     0.000000
     0.776000     0.000000
     0.777000     0.000000
     0.778000     0.000000
     0.779000     0.000000
     0.780000     0.000000
     0.781000     0.000000
     0.782000     0.000000
     0.783000     0.000000
     0.784000     0.000000
     0.785000     0.000000
     0.786000     0.000000
     0.787000     0.000000
     0.788000     0.000000
     0.789000     0.000000
     0.790000     0.000000
     0.791000     0.000000
     0.792000     0.000000
     0.793000     0.000000
     0.794000     0.000000
     0.795000     0.000000
     0.796000     0.000000
     0.797000     0.000000
     0.798000     0.000000
     0.799000     0.000000
