     0.000000         -NaN
   0.00100000         -NaN
   0.00200000         -NaN
   0.00300000         -NaN
   0.00400000         -NaN
   0.00500000         -NaN
   0.00600000         -NaN
   0.00700000         -NaN
   0.00800000         -NaN
   0.00900000         -NaN
    0.0100000         -NaN
    0.0110000         -NaN
    0.0120000         -NaN
    0.0130000         -NaN
    0.0140000         -NaN
    0.0150000         -NaN
    0.0160000         -NaN
    0.0170000         -NaN
    0.0180000         -NaN
    0.0190000         -NaN
    0.0200000         -NaN
    0.0210000         -NaN
    0.0220000         -NaN
    0.0230000         -NaN
    0.0240000         -NaN
    0.0250000         -NaN
    0.0260000         -NaN
    0.0270000         -NaN
    0.0280000         -NaN
    0.0290000         -NaN
    0.0300000         -NaN
    0.0310000         -NaN
    0.0320000         -NaN
    0.0330000         -NaN
    0.0340000         -NaN
    0.0350000         -NaN
    0.0360000         -NaN
    0.0370000         -NaN
    0.0380000         -NaN
    0.0390000         -NaN
    0.0400000         -NaN
    0.0410000         -NaN
    0.0420000         -NaN
    0.0430000         -NaN
    0.0440000         -NaN
    0.0450000         -NaN
    0.0460000         -NaN
    0.0470000         -NaN
    0.0480000         -NaN
    0.0490000         -NaN
    0.0500000         -NaN
    0.0510000         -NaN
    0.0520000         -NaN
    0.0530000         -NaN
    0.0540000         -NaN
    0.0550000         -NaN
    0.0560000         -NaN
    0.0570000         -NaN
    0.0580000         -NaN
    0.0590000         -NaN
    0.0600000         -NaN
    0.0610000         -NaN
    0.0620000         -NaN
    0.0630000         -NaN
    0.0640000         -NaN
    0.0650000         -NaN
    0.0660000         -NaN
    0.0670000         -NaN
    0.0680000         -NaN
    0.0690000         -NaN
    0.0700000         -NaN
    0.0710000         -NaN
    0.0720000         -NaN
    0.0730000         -NaN
    0.0740000         -NaN
    0.0750000         -NaN
    0.0760000         -NaN
    0.0770000         -NaN
    0.0780000         -NaN
    0.0790000         -NaN
    0.0800000         -NaN
    0.0810000         -NaN
    0.0820000         -NaN
    0.0830000         -NaN
    0.0840000         -NaN
    0.0850000         -NaN
    0.0860000         -NaN
    0.0870000         -NaN
    0.0880000         -NaN
    0.0890000         -NaN
    0.0900000         -NaN
    0.0910000         -NaN
    0.0920000         -NaN
    0.0930000         -NaN
    0.0940000         -NaN
    0.0950000         -NaN
    0.0960000         -NaN
    0.0970000         -NaN
    0.0980000         -NaN
    0.0990000         -NaN
     0.100000         -NaN
     0.101000         -NaN
     0.102000         -NaN
     0.103000         -NaN
     0.104000         -NaN
     0.105000         -NaN
     0.106000         -NaN
     0.107000         -NaN
     0.108000         -NaN
     0.109000         -NaN
     0.110000         -NaN
     0.111000      293.366
     0.112000      292.886
     0.113000      292.407
     0.114000      291.928
     0.115000      291.450
     0.116000      290.972
     0.117000      290.494
     0.118000      290.016
     0.119000      289.539
     0.120000      289.062
     0.121000      288.586
     0.122000      288.110
     0.123000      287.635
     0.124000      287.160
     0.125000      286.685
     0.126000      286.211
     0.127000      285.738
     0.128000      285.264
     0.129000      284.792
     0.130000      284.320
     0.131000      283.848
     0.132000      283.377
     0.133000      282.906
     0.134000      282.436
     0.135000      281.966
     0.136000      281.496
     0.137000      281.027
     0.138000      280.558
     0.139000      280.090
     0.140000      279.622
     0.141000      279.154
     0.142000      278.687
     0.143000      278.220
     0.144000      277.753
     0.145000      277.286
     0.146000      276.820
     0.147000      276.354
     0.148000      275.888
     0.149000      275.422
     0.150000      274.957
     0.151000      274.491
     0.152000      274.026
     0.153000      273.561
     0.154000      273.096
     0.155000      272.631
     0.156000      272.166
     0.157000      271.702
     0.158000      271.237
     0.159000      270.772
     0.160000      270.308
     0.161000      269.843
     0.162000      269.379
     0.163000      268.914
     0.164000      268.450
     0.165000      267.985
     0.166000      267.520
     0.167000      267.056
     0.168000      266.591
     0.169000      266.126
     0.170000      265.662
     0.171000      265.197
     0.172000      264.732
     0.173000      264.267
     0.174000      263.801
     0.175000      263.336
     0.176000      262.871
     0.177000      262.405
     0.178000      261.940
     0.179000      261.474
     0.180000      261.009
     0.181000      260.543
     0.182000      260.077
     0.183000      259.611
     0.184000      259.145
     0.185000      258.678
     0.186000      258.212
     0.187000      257.745
     0.188000      257.279
     0.189000      256.812
     0.190000      256.345
     0.191000      255.878
     0.192000      255.411
     0.193000      254.944
     0.194000      254.477
     0.195000      254.009
     0.196000      253.542
     0.197000      253.075
     0.198000      252.607
     0.199000      252.139
     0.200000      251.672
     0.201000      251.204
     0.202000      250.736
     0.203000      250.268
     0.204000      249.800
     0.205000      249.332
     0.206000      248.864
     0.207000      248.395
     0.208000      247.927
     0.209000      247.459
     0.210000      246.991
     0.211000      246.522
     0.212000      246.054
     0.213000      245.585
     0.214000      245.117
     0.215000      244.649
     0.216000      244.180
     0.217000      243.711
     0.218000      243.243
     0.219000      242.774
     0.220000      242.306
     0.221000      241.837
     0.222000      241.369
     0.223000      240.900
     0.224000      240.432
     0.225000      239.963
     0.226000      239.495
     0.227000      239.026
     0.228000      238.558
     0.229000      238.089
     0.230000      237.621
     0.231000      237.152
     0.232000      236.684
     0.233000      236.215
     0.234000      235.747
     0.235000      235.278
     0.236000      234.810
     0.237000      234.341
     0.238000      233.873
     0.239000      233.405
     0.240000      232.936
     0.241000      232.468
     0.242000      231.999
     0.243000      231.531
     0.244000      231.063
     0.245000      230.594
     0.246000      230.126
     0.247000      229.658
     0.248000      229.189
     0.249000      228.721
     0.250000      228.253
     0.251000      227.784
     0.252000      227.316
     0.253000      226.848
     0.254000      226.379
     0.255000      225.911
     0.256000      225.442
     0.257000      224.974
     0.258000      224.506
     0.259000      224.037
     0.260000      223.568
     0.261000      223.100
     0.262000      222.631
     0.263000      222.163
     0.264000      221.694
     0.265000      221.225
     0.266000      220.756
     0.267000      220.287
     0.268000      219.818
     0.269000      219.349
     0.270000      218.880
     0.271000      218.411
     0.272000      217.942
     0.273000      217.472
     0.274000      217.003
     0.275000      216.533
     0.276000      216.064
     0.277000      215.594
     0.278000      215.124
     0.279000      214.654
     0.280000      214.184
     0.281000      213.714
     0.282000      213.244
     0.283000      212.773
     0.284000      212.303
     0.285000      211.832
     0.286000      211.361
     0.287000      210.891
     0.288000      210.419
     0.289000      209.948
     0.290000      209.477
     0.291000      209.005
     0.292000      208.534
     0.293000      208.062
     0.294000      207.590
     0.295000      207.118
     0.296000      206.646
     0.297000      206.174
     0.298000      205.701
     0.299000      205.228
     0.300000      204.756
     0.301000      204.283
     0.302000      203.809
     0.303000      203.336
     0.304000      202.863
     0.305000      202.389
     0.306000      201.915
     0.307000      201.441
     0.308000      200.967
     0.309000      200.493
     0.310000      200.018
     0.311000      199.544
     0.312000      199.069
     0.313000      198.594
     0.314000      198.119
     0.315000      197.643
     0.316000      197.168
     0.317000      196.692
     0.318000      196.217
     0.319000      195.741
     0.320000      195.265
     0.321000      194.788
     0.322000      194.312
     0.323000      193.835
     0.324000      193.359
     0.325000      192.882
     0.326000      192.405
     0.327000      191.928
     0.328000      191.451
     0.329000      190.973
     0.330000      190.496
     0.331000      190.018
     0.332000      189.540
     0.333000      189.062
     0.334000      188.584
     0.335000      188.106
     0.336000      187.627
     0.337000      187.149
     0.338000      186.670
     0.339000      186.192
     0.340000      185.713
     0.341000      185.234
     0.342000      184.755
     0.343000      184.276
     0.344000      183.797
     0.345000      183.317
     0.346000      182.838
     0.347000      182.358
     0.348000      181.879
     0.349000      181.399
     0.350000      180.919
     0.351000      180.439
     0.352000      179.959
     0.353000      179.479
     0.354000      178.999
     0.355000      178.518
     0.356000      178.038
     0.357000      177.557
     0.358000      177.077
     0.359000      176.596
     0.360000      176.115
     0.361000      175.635
     0.362000      175.154
     0.363000      174.673
     0.364000      174.192
     0.365000      173.710
     0.366000      173.229
     0.367000      172.748
     0.368000      172.266
     0.369000      171.785
     0.370000      171.303
     0.371000      170.821
     0.372000      170.340
     0.373000      169.858
     0.374000      169.376
     0.375000      168.893
     0.376000      168.411
     0.377000      167.929
     0.378000      167.446
     0.379000      166.964
     0.380000      166.481
     0.381000      165.998
     0.382000      165.515
     0.383000      165.032
     0.384000      164.549
     0.385000      164.066
     0.386000      163.582
     0.387000      163.098
     0.388000      162.615
     0.389000      162.131
     0.390000      161.647
     0.391000      161.162
     0.392000      160.678
     0.393000      160.193
     0.394000      159.709
     0.395000      159.224
     0.396000      158.738
     0.397000      158.253
     0.398000      157.767
     0.399000      157.282
     0.400000      156.796
     0.401000      156.309
     0.402000      155.823
     0.403000      155.336
     0.404000      154.849
     0.405000      154.362
     0.406000      153.875
     0.407000      153.387
     0.408000      152.899
     0.409000      152.411
     0.410000      151.923
     0.411000      151.434
     0.412000      150.945
     0.413000      150.456
     0.414000      149.966
     0.415000      149.476
     0.416000      148.986
     0.417000      148.496
     0.418000      148.005
     0.419000      147.514
     0.420000      147.022
     0.421000      146.531
     0.422000      146.039
     0.423000      145.546
     0.424000      145.054
     0.425000      144.561
     0.426000      144.067
     0.427000      143.574
     0.428000      143.080
     0.429000      142.586
     0.430000      142.091
     0.431000      141.596
     0.432000      141.101
     0.433000      140.606
     0.434000      140.110
     0.435000      139.614
     0.436000      139.117
     0.437000      138.620
     0.438000      138.123
     0.439000      137.626
     0.440000      137.128
     0.441000      136.630
     0.442000      136.132
     0.443000      135.634
     0.444000      135.135
     0.445000      134.636
     0.446000      134.136
     0.447000      133.637
     0.448000      133.137
     0.449000      132.637
     0.450000      132.137
     0.451000      131.636
     0.452000      131.136
     0.453000      130.635
     0.454000      130.134
     0.455000      129.633
     0.456000      129.131
     0.457000      128.630
     0.458000      128.128
     0.459000      127.626
     0.460000      127.124
     0.461000      126.622
     0.462000      126.120
     0.463000      125.617
     0.464000      125.115
     0.465000      124.613
     0.466000      124.110
     0.467000      123.607
     0.468000      123.105
     0.469000      122.602
     0.470000      122.099
     0.471000      121.596
     0.472000      121.093
     0.473000      120.590
     0.474000      120.087
     0.475000      119.584
     0.476000      119.080
     0.477000      118.577
     0.478000      118.073
     0.479000      117.570
     0.480000      117.066
     0.481000      116.562
     0.482000      116.058
     0.483000      115.554
     0.484000      115.049
     0.485000      114.544
     0.486000      114.039
     0.487000      113.534
     0.488000      113.028
     0.489000      112.522
     0.490000      112.015
     0.491000      111.507
     0.492000      110.999
     0.493000      110.491
     0.494000      109.981
     0.495000      109.471
     0.496000      108.959
     0.497000      108.447
     0.498000      107.933
     0.499000      107.418
     0.500000      106.901
     0.501000      106.383
     0.502000      105.863
     0.503000      105.341
     0.504000      104.818
     0.505000      104.291
     0.506000      103.763
     0.507000      103.231
     0.508000      102.697
     0.509000      102.160
     0.510000      101.619
     0.511000      101.074
     0.512000      100.526
     0.513000      99.9733
     0.514000      99.3238
     0.515000      98.7378
     0.516000      98.1958
     0.517000      97.6829
     0.518000      97.1872
     0.519000      96.7001
     0.520000      96.2149
     0.521000      95.7273
     0.522000      95.2343
     0.523000      94.7341
     0.524000      94.2260
     0.525000      93.7098
     0.526000      93.1860
     0.527000      92.6554
     0.528000      92.1191
     0.529000      91.5781
     0.530000      91.0338
     0.531000      90.4872
     0.532000      89.9395
     0.533000      89.3915
     0.534000      88.8441
     0.535000      88.2980
     0.536000      87.7537
     0.537000      87.2115
     0.538000      86.6717
     0.539000      86.1344
     0.540000      85.5995
     0.541000      85.0668
     0.542000      84.5363
     0.543000      84.0074
     0.544000      83.4799
     0.545000      82.9535
     0.546000      82.4276
     0.547000      81.9019
     0.548000      81.3760
     0.549000      80.8494
     0.550000      80.3219
     0.551000      79.7931
     0.552000      79.2627
     0.553000      78.7305
     0.554000      78.1962
     0.555000      77.6598
     0.556000      77.1213
     0.557000      76.5805
     0.558000      76.0375
     0.559000      75.4923
     0.560000      74.9450
     0.561000      74.3959
     0.562000      73.8450
     0.563000      73.2925
     0.564000      72.7387
     0.565000      72.1837
     0.566000      71.6278
     0.567000      71.0712
     0.568000      70.5141
     0.569000      69.9567
     0.570000      69.3991
     0.571000      68.8416
     0.572000      68.2843
     0.573000      67.7272
     0.574000      67.1705
     0.575000      66.6142
     0.576000      66.0582
     0.577000      65.5026
     0.578000      64.9474
     0.579000      64.3924
     0.580000      63.8375
     0.581000      63.2826
     0.582000      62.7276
     0.583000      62.1723
     0.584000      61.6164
     0.585000      61.0598
     0.586000      60.5022
     0.587000      59.9435
     0.588000      59.3834
     0.589000      58.8218
     0.590000      58.2585
     0.591000      57.6932
     0.592000      57.1258
     0.593000      56.5562
     0.594000      55.9842
     0.595000      55.4098
     0.596000      54.8330
     0.597000      54.2535
     0.598000      53.6715
     0.599000      53.0870
     0.600000      52.5000
     0.601000      51.9106
     0.602000      51.3189
     0.603000      50.7250
     0.604000      50.1290
     0.605000      49.5311
     0.606000      48.9315
     0.607000      48.3302
     0.608000      47.7275
     0.609000      47.1235
     0.610000      46.5184
     0.611000      45.9124
     0.612000      45.3054
     0.613000      44.6978
     0.614000      44.0895
     0.615000      43.4806
     0.616000      42.8713
     0.617000      42.2614
     0.618000      41.6511
     0.619000      41.0402
     0.620000      40.4289
     0.621000      39.8169
     0.622000      39.2045
     0.623000      38.5913
     0.624000      37.9775
     0.625000      37.3631
     0.626000      36.7480
     0.627000      36.1324
     0.628000      35.5164
     0.629000      34.9003
     0.630000      34.2842
     0.631000      33.6685
     0.632000      33.0539
     0.633000      32.4406
     0.634000      31.8296
     0.635000      31.2214
     0.636000      30.6169
     0.637000      30.0170
     0.638000      29.4227
     0.639000      28.8349
     0.640000      28.2545
     0.641000      27.6821
     0.642000      27.1183
     0.643000      26.5633
     0.644000      26.0169
     0.645000      25.4781
     0.646000      24.9454
     0.647000      24.4159
     0.648000      23.9089
     0.649000      23.4556
     0.650000      23.0000
     0.651000      22.5430
     0.652000      22.0861
     0.653000      21.6313
     0.654000      21.1807
     0.655000      20.7364
     0.656000      20.3007
     0.657000      19.8755
     0.658000      19.4628
     0.659000      19.0641
     0.660000      18.6810
     0.661000      18.3143
     0.662000      17.9651
     0.663000      17.6338
     0.664000      17.3209
     0.665000      17.0263
     0.666000      16.7498
     0.667000      16.4913
     0.668000      16.2501
     0.669000      16.0256
     0.670000      15.8171
     0.671000      15.6236
     0.672000      15.4443
     0.673000      15.2781
     0.674000      15.1242
     0.675000      14.9815
     0.676000      14.8491
     0.677000      14.7260
     0.678000      14.6114
     0.679000      14.5043
     0.680000      14.4041
     0.681000      14.3100
     0.682000      14.2214
     0.683000      14.1377
     0.684000      14.0584
     0.685000      13.9831
     0.686000      13.9113
     0.687000      13.8429
     0.688000      13.7775
     0.689000      13.7149
     0.690000      13.6549
     0.691000      13.5974
     0.692000      13.5424
     0.693000      13.4896
     0.694000      13.4391
     0.695000      13.3908
     0.696000      13.3446
     0.697000      13.3005
     0.698000      13.2583
     0.699000      13.2182
     0.700000      13.1799
     0.701000      13.1434
     0.702000      13.1087
     0.703000      13.0755
     0.704000      13.0439
     0.705000      13.0137
     0.706000      12.9848
     0.707000      12.9571
     0.708000      12.9305
     0.709000      12.9048
     0.710000      12.8800
     0.711000      12.8560
     0.712000      12.8326
     0.713000      12.8099
     0.714000      12.7877
     0.715000      12.7661
     0.716000      12.7448
     0.717000      12.7240
     0.718000      12.7036
     0.719000      12.6835
     0.720000      12.6637
     0.721000      12.6442
     0.722000      12.6249
     0.723000      12.6058
     0.724000      12.5866
     0.725000      12.5674
     0.726000      12.5478
     0.727000      12.5277
     0.728000      12.5068
     0.729000      12.4849
     0.730000      12.4617
     0.731000      12.4367
     0.732000      12.4098
     0.733000      12.3807
     0.734000      12.3493
     0.735000      12.3155
     0.736000      12.2797
     0.737000      12.2424
     0.738000      12.2045
     0.739000      12.1676
     0.740000      12.1340
     0.741000      12.1069
     0.742000      12.0907
     0.743000     0.000000
     0.744000     0.000000
     0.745000     0.000000
     0.746000     0.000000
     0.747000     0.000000
     0.748000     0.000000
     0.749000     0.000000
     0.750000     0.000000
     0.751000     0.000000
     0.752000     0.000000
     0.753000     0.000000
     0.754000     0.000000
     0.755000     0.000000
     0.756000     0.000000
     0.757000     0.000000
     0.758000     0.000000
     0.759000     0.000000
     0.760000     0.000000
     0.761000     0.000000
     0.762000     0.000000
     0.763000     0.000000
     0.764000     0.000000
     0.765000     0.000000
     0.766000     0.000000
     0.767000     0.000000
     0.768000     0.000000
     0.769000     0.000000
     0.770000     0.000000
     0.771000     0.000000
     0.772000     0.000000
     0.773000     0.000000
     0.774000     0.000000
     0.775000     0.000000
     0.776000     0.000000
     0.777000     0.000000
     0.778000     0.000000
     0.779000     0.000000
     0.780000     0.000000
     0.781000     0.000000
     0.782000     0.000000
     0.783000     0.000000
     0.784000     0.000000
     0.785000     0.000000
     0.786000     0.000000
     0.787000     0.000000
     0.788000     0.000000
     0.789000     0.000000
     0.790000     0.000000
     0.791000     0.000000
     0.792000     0.000000
     0.793000     0.000000
     0.794000     0.000000
     0.795000     0.000000
     0.796000     0.000000
     0.797000     0.000000
     0.798000     0.000000
     0.799000     0.000000
