     0.000000         -NaN
   0.00100000         -NaN
   0.00200000         -NaN
   0.00300000         -NaN
   0.00400000         -NaN
   0.00500000         -NaN
   0.00600000         -NaN
   0.00700000         -NaN
   0.00800000         -NaN
   0.00900000         -NaN
    0.0100000         -NaN
    0.0110000         -NaN
    0.0120000         -NaN
    0.0130000         -NaN
    0.0140000         -NaN
    0.0150000         -NaN
    0.0160000         -NaN
    0.0170000         -NaN
    0.0180000         -NaN
    0.0190000         -NaN
    0.0200000         -NaN
    0.0210000         -NaN
    0.0220000         -NaN
    0.0230000         -NaN
    0.0240000         -NaN
    0.0250000         -NaN
    0.0260000         -NaN
    0.0270000         -NaN
    0.0280000         -NaN
    0.0290000         -NaN
    0.0300000         -NaN
    0.0310000         -NaN
    0.0320000         -NaN
    0.0330000         -NaN
    0.0340000         -NaN
    0.0350000         -NaN
    0.0360000         -NaN
    0.0370000         -NaN
    0.0380000         -NaN
    0.0390000         -NaN
    0.0400000         -NaN
    0.0410000         -NaN
    0.0420000         -NaN
    0.0430000         -NaN
    0.0440000         -NaN
    0.0450000         -NaN
    0.0460000         -NaN
    0.0470000         -NaN
    0.0480000         -NaN
    0.0490000         -NaN
    0.0500000         -NaN
    0.0510000         -NaN
    0.0520000         -NaN
    0.0530000         -NaN
    0.0540000         -NaN
    0.0550000         -NaN
    0.0560000         -NaN
    0.0570000         -NaN
    0.0580000         -NaN
    0.0590000         -NaN
    0.0600000         -NaN
    0.0610000         -NaN
    0.0620000         -NaN
    0.0630000         -NaN
    0.0640000         -NaN
    0.0650000         -NaN
    0.0660000         -NaN
    0.0670000         -NaN
    0.0680000         -NaN
    0.0690000         -NaN
    0.0700000         -NaN
    0.0710000         -NaN
    0.0720000         -NaN
    0.0730000         -NaN
    0.0740000         -NaN
    0.0750000         -NaN
    0.0760000         -NaN
    0.0770000         -NaN
    0.0780000         -NaN
    0.0790000         -NaN
    0.0800000         -NaN
    0.0810000         -NaN
    0.0820000         -NaN
    0.0830000         -NaN
    0.0840000         -NaN
    0.0850000         -NaN
    0.0860000         -NaN
    0.0870000         -NaN
    0.0880000         -NaN
    0.0890000         -NaN
    0.0900000         -NaN
    0.0910000         -NaN
    0.0920000         -NaN
    0.0930000         -NaN
    0.0940000         -NaN
    0.0950000         -NaN
    0.0960000         -NaN
    0.0970000         -NaN
    0.0980000         -NaN
    0.0990000         -NaN
     0.100000         -NaN
     0.101000         -NaN
     0.102000         -NaN
     0.103000         -NaN
     0.104000         -NaN
     0.105000         -NaN
     0.106000      295.122
     0.107000      294.635
     0.108000      294.150
     0.109000      293.666
     0.110000      293.185
     0.111000      292.705
     0.112000      292.226
     0.113000      291.749
     0.114000      291.273
     0.115000      290.798
     0.116000      290.325
     0.117000      289.852
     0.118000      289.380
     0.119000      288.909
     0.120000      288.438
     0.121000      287.968
     0.122000      287.499
     0.123000      287.030
     0.124000      286.562
     0.125000      286.094
     0.126000      285.626
     0.127000      285.159
     0.128000      284.692
     0.129000      284.225
     0.130000      283.758
     0.131000      283.292
     0.132000      282.826
     0.133000      282.359
     0.134000      281.893
     0.135000      281.427
     0.136000      280.961
     0.137000      280.495
     0.138000      280.029
     0.139000      279.563
     0.140000      279.097
     0.141000      278.631
     0.142000      278.165
     0.143000      277.699
     0.144000      277.233
     0.145000      276.767
     0.146000      276.301
     0.147000      275.835
     0.148000      275.368
     0.149000      274.902
     0.150000      274.436
     0.151000      273.970
     0.152000      273.503
     0.153000      273.037
     0.154000      272.570
     0.155000      272.104
     0.156000      271.637
     0.157000      271.171
     0.158000      270.704
     0.159000      270.237
     0.160000      269.771
     0.161000      269.304
     0.162000      268.838
     0.163000      268.371
     0.164000      267.904
     0.165000      267.438
     0.166000      266.971
     0.167000      266.504
     0.168000      266.038
     0.169000      265.571
     0.170000      265.104
     0.171000      264.638
     0.172000      264.171
     0.173000      263.705
     0.174000      263.238
     0.175000      262.772
     0.176000      262.305
     0.177000      261.839
     0.178000      261.372
     0.179000      260.906
     0.180000      260.440
     0.181000      259.973
     0.182000      259.507
     0.183000      259.041
     0.184000      258.575
     0.185000      258.108
     0.186000      257.642
     0.187000      257.176
     0.188000      256.710
     0.189000      256.244
     0.190000      255.778
     0.191000      255.312
     0.192000      254.846
     0.193000      254.380
     0.194000      253.914
     0.195000      253.448
     0.196000      252.982
     0.197000      252.516
     0.198000      252.050
     0.199000      251.584
     0.200000      251.118
     0.201000      250.653
     0.202000      250.187
     0.203000      249.721
     0.204000      249.255
     0.205000      248.789
     0.206000      248.323
     0.207000      247.857
     0.208000      247.391
     0.209000      246.925
     0.210000      246.459
     0.211000      245.993
     0.212000      245.527
     0.213000      245.061
     0.214000      244.595
     0.215000      244.129
     0.216000      243.662
     0.217000      243.196
     0.218000      242.730
     0.219000      242.263
     0.220000      241.797
     0.221000      241.331
     0.222000      240.864
     0.223000      240.397
     0.224000      239.931
     0.225000      239.464
     0.226000      238.997
     0.227000      238.530
     0.228000      238.063
     0.229000      237.596
     0.230000      237.129
     0.231000      236.662
     0.232000      236.194
     0.233000      235.727
     0.234000      235.260
     0.235000      234.792
     0.236000      234.324
     0.237000      233.857
     0.238000      233.389
     0.239000      232.921
     0.240000      232.453
     0.241000      231.985
     0.242000      231.516
     0.243000      231.048
     0.244000      230.580
     0.245000      230.111
     0.246000      229.642
     0.247000      229.174
     0.248000      228.705
     0.249000      228.236
     0.250000      227.767
     0.251000      227.298
     0.252000      226.828
     0.253000      226.359
     0.254000      225.890
     0.255000      225.420
     0.256000      224.951
     0.257000      224.481
     0.258000      224.011
     0.259000      223.541
     0.260000      223.071
     0.261000      222.601
     0.262000      222.131
     0.263000      221.660
     0.264000      221.190
     0.265000      220.720
     0.266000      220.249
     0.267000      219.778
     0.268000      219.308
     0.269000      218.837
     0.270000      218.366
     0.271000      217.895
     0.272000      217.424
     0.273000      216.953
     0.274000      216.482
     0.275000      216.010
     0.276000      215.539
     0.277000      215.067
     0.278000      214.596
     0.279000      214.124
     0.280000      213.653
     0.281000      213.181
     0.282000      212.709
     0.283000      212.237
     0.284000      211.765
     0.285000      211.293
     0.286000      210.821
     0.287000      210.349
     0.288000      209.877
     0.289000      209.405
     0.290000      208.932
     0.291000      208.460
     0.292000      207.987
     0.293000      207.515
     0.294000      207.042
     0.295000      206.570
     0.296000      206.097
     0.297000      205.624
     0.298000      205.151
     0.299000      204.679
     0.300000      204.206
     0.301000      203.733
     0.302000      203.260
     0.303000      202.786
     0.304000      202.313
     0.305000      201.840
     0.306000      201.367
     0.307000      200.893
     0.308000      200.420
     0.309000      199.946
     0.310000      199.473
     0.311000      198.999
     0.312000      198.525
     0.313000      198.051
     0.314000      197.577
     0.315000      197.103
     0.316000      196.629
     0.317000      196.155
     0.318000      195.681
     0.319000      195.207
     0.320000      194.732
     0.321000      194.258
     0.322000      193.783
     0.323000      193.308
     0.324000      192.834
     0.325000      192.359
     0.326000      191.884
     0.327000      191.409
     0.328000      190.934
     0.329000      190.458
     0.330000      189.983
     0.331000      189.507
     0.332000      189.032
     0.333000      188.556
     0.334000      188.080
     0.335000      187.604
     0.336000      187.128
     0.337000      186.652
     0.338000      186.175
     0.339000      185.699
     0.340000      185.222
     0.341000      184.745
     0.342000      184.268
     0.343000      183.791
     0.344000      183.314
     0.345000      182.836
     0.346000      182.359
     0.347000      181.881
     0.348000      181.403
     0.349000      180.925
     0.350000      180.447
     0.351000      179.969
     0.352000      179.490
     0.353000      179.011
     0.354000      178.533
     0.355000      178.054
     0.356000      177.574
     0.357000      177.095
     0.358000      176.615
     0.359000      176.136
     0.360000      175.656
     0.361000      175.175
     0.362000      174.695
     0.363000      174.215
     0.364000      173.734
     0.365000      173.253
     0.366000      172.772
     0.367000      172.290
     0.368000      171.809
     0.369000      171.327
     0.370000      170.845
     0.371000      170.363
     0.372000      169.881
     0.373000      169.398
     0.374000      168.916
     0.375000      168.433
     0.376000      167.950
     0.377000      167.467
     0.378000      166.983
     0.379000      166.499
     0.380000      166.016
     0.381000      165.531
     0.382000      165.047
     0.383000      164.563
     0.384000      164.078
     0.385000      163.593
     0.386000      163.108
     0.387000      162.623
     0.388000      162.137
     0.389000      161.652
     0.390000      161.166
     0.391000      160.680
     0.392000      160.194
     0.393000      159.707
     0.394000      159.221
     0.395000      158.734
     0.396000      158.247
     0.397000      157.760
     0.398000      157.273
     0.399000      156.785
     0.400000      156.298
     0.401000      155.810
     0.402000      155.322
     0.403000      154.834
     0.404000      154.345
     0.405000      153.857
     0.406000      153.368
     0.407000      152.879
     0.408000      152.390
     0.409000      151.901
     0.410000      151.412
     0.411000      150.922
     0.412000      150.432
     0.413000      149.943
     0.414000      149.453
     0.415000      148.962
     0.416000      148.472
     0.417000      147.982
     0.418000      147.491
     0.419000      147.000
     0.420000      146.509
     0.421000      146.018
     0.422000      145.526
     0.423000      145.035
     0.424000      144.543
     0.425000      144.051
     0.426000      143.559
     0.427000      143.067
     0.428000      142.574
     0.429000      142.082
     0.430000      141.589
     0.431000      141.096
     0.432000      140.603
     0.433000      140.109
     0.434000      139.616
     0.435000      139.122
     0.436000      138.628
     0.437000      138.133
     0.438000      137.639
     0.439000      137.144
     0.440000      136.649
     0.441000      136.154
     0.442000      135.658
     0.443000      135.162
     0.444000      134.666
     0.445000      134.170
     0.446000      133.673
     0.447000      133.176
     0.448000      132.679
     0.449000      132.182
     0.450000      131.684
     0.451000      131.186
     0.452000      130.687
     0.453000      130.188
     0.454000      129.689
     0.455000      129.189
     0.456000      128.689
     0.457000      128.189
     0.458000      127.688
     0.459000      127.187
     0.460000      126.685
     0.461000      126.183
     0.462000      125.681
     0.463000      125.178
     0.464000      124.675
     0.465000      124.171
     0.466000      123.667
     0.467000      123.163
     0.468000      122.658
     0.469000      122.152
     0.470000      121.647
     0.471000      121.140
     0.472000      120.634
     0.473000      120.127
     0.474000      119.619
     0.475000      119.111
     0.476000      118.603
     0.477000      118.095
     0.478000      117.586
     0.479000      117.076
     0.480000      116.567
     0.481000      116.057
     0.482000      115.546
     0.483000      115.036
     0.484000      114.525
     0.485000      114.015
     0.486000      113.504
     0.487000      112.993
     0.488000      112.482
     0.489000      111.971
     0.490000      111.460
     0.491000      110.949
     0.492000      110.438
     0.493000      109.928
     0.494000      109.418
     0.495000      108.909
     0.496000      108.400
     0.497000      107.892
     0.498000      107.384
     0.499000      106.878
     0.500000      106.372
     0.501000      105.868
     0.502000      105.365
     0.503000      104.863
     0.504000      104.364
     0.505000      103.865
     0.506000      103.369
     0.507000      102.875
     0.508000      102.383
     0.509000      101.894
     0.510000      101.408
     0.511000      100.925
     0.512000      99.5750
     0.513000      99.0132
     0.514000      98.4777
     0.515000      97.9608
     0.516000      97.4559
     0.517000      96.9580
     0.518000      96.4633
     0.519000      95.9689
     0.520000      95.4726
     0.521000      94.9731
     0.522000      94.4693
     0.523000      93.9610
     0.524000      93.4478
     0.525000      92.9298
     0.526000      92.4074
     0.527000      91.8810
     0.528000      91.3510
     0.529000      90.8180
     0.530000      90.2826
     0.531000      89.7453
     0.532000      89.2065
     0.533000      88.6669
     0.534000      88.1266
     0.535000      87.5863
     0.536000      87.0461
     0.537000      86.5063
     0.538000      85.9670
     0.539000      85.4285
     0.540000      84.8907
     0.541000      84.3537
     0.542000      83.8174
     0.543000      83.2819
     0.544000      82.7470
     0.545000      82.2126
     0.546000      81.6787
     0.547000      81.1450
     0.548000      80.6115
     0.549000      80.0779
     0.550000      79.5441
     0.551000      79.0101
     0.552000      78.4756
     0.553000      77.9406
     0.554000      77.4048
     0.555000      76.8683
     0.556000      76.3309
     0.557000      75.7927
     0.558000      75.2534
     0.559000      74.7130
     0.560000      74.1717
     0.561000      73.6292
     0.562000      73.0857
     0.563000      72.5411
     0.564000      71.9954
     0.565000      71.4488
     0.566000      70.9010
     0.567000      70.3524
     0.568000      69.8027
     0.569000      69.2522
     0.570000      68.7007
     0.571000      68.1484
     0.572000      67.5952
     0.573000      67.0412
     0.574000      66.4864
     0.575000      65.9307
     0.576000      65.3742
     0.577000      64.8168
     0.578000      64.2586
     0.579000      63.6995
     0.580000      63.1395
     0.581000      62.5785
     0.582000      62.0165
     0.583000      61.4534
     0.584000      60.8893
     0.585000      60.3239
     0.586000      59.7573
     0.587000      59.1895
     0.588000      58.6203
     0.589000      58.0497
     0.590000      57.4776
     0.591000      56.9041
     0.592000      56.3290
     0.593000      55.7524
     0.594000      55.1741
     0.595000      54.5943
     0.596000      54.0129
     0.597000      53.4299
     0.598000      52.8454
     0.599000      52.2592
     0.600000      51.6715
     0.601000      51.0824
     0.602000      50.4918
     0.603000      49.8999
     0.604000      49.3066
     0.605000      48.7122
     0.606000      48.1165
     0.607000      47.5199
     0.608000      46.9222
     0.609000      46.3235
     0.610000      45.7240
     0.611000      45.1238
     0.612000      44.5227
     0.613000      43.9211
     0.614000      43.3187
     0.615000      42.7157
     0.616000      42.1121
     0.617000      41.5080
     0.618000      40.9032
     0.619000      40.2977
     0.620000      39.6915
     0.621000      39.0846
     0.622000      38.4769
     0.623000      37.8683
     0.624000      37.2588
     0.625000      36.6482
     0.626000      36.0366
     0.627000      35.4239
     0.628000      34.8101
     0.629000      34.1952
     0.630000      33.5792
     0.631000      32.9623
     0.632000      32.3446
     0.633000      31.7263
     0.634000      31.1079
     0.635000      30.4898
     0.636000      29.8724
     0.637000      29.2566
     0.638000      28.6431
     0.639000      28.0330
     0.640000      27.4275
     0.641000      26.8280
     0.642000      26.2360
     0.643000      25.6534
     0.644000      25.0823
     0.645000      24.5251
     0.646000      23.8449
     0.647000      23.3654
     0.648000      22.8918
     0.649000      22.4277
     0.650000      21.9764
     0.651000      21.5399
     0.652000      21.1198
     0.653000      20.7171
     0.654000      20.3323
     0.655000      19.9655
     0.656000      19.6167
     0.657000      19.2854
     0.658000      18.9712
     0.659000      18.6736
     0.660000      18.3918
     0.661000      18.1252
     0.662000      17.8730
     0.663000      17.6345
     0.664000      17.4091
     0.665000      17.1960
     0.666000      16.9946
     0.667000      16.8043
     0.668000      16.6244
     0.669000      16.4544
     0.670000      16.2939
     0.671000      16.1423
     0.672000      15.9991
     0.673000      15.8640
     0.674000      15.7365
     0.675000      15.6163
     0.676000      15.5029
     0.677000      15.3959
     0.678000      15.2951
     0.679000      15.2001
     0.680000      15.1106
     0.681000      15.0261
     0.682000      14.9465
     0.683000      14.8713
     0.684000      14.8003
     0.685000      14.7331
     0.686000      14.6695
     0.687000      14.6092
     0.688000      14.5519
     0.689000      14.4972
     0.690000      14.4451
     0.691000      14.3951
     0.692000      14.3472
     0.693000      14.3010
     0.694000      14.2565
     0.695000      14.2134
     0.696000      14.1717
     0.697000      14.1311
     0.698000      14.0916
     0.699000      14.0531
     0.700000      14.0155
     0.701000      13.9788
     0.702000      13.9429
     0.703000      13.9079
     0.704000      13.8737
     0.705000      13.8403
     0.706000      13.8078
     0.707000      13.7762
     0.708000      13.7454
     0.709000      13.7155
     0.710000      13.6865
     0.711000      13.6583
     0.712000      13.6311
     0.713000      13.6046
     0.714000      13.5789
     0.715000      13.5539
     0.716000      13.5296
     0.717000      13.5056
     0.718000      13.4821
     0.719000      13.4587
     0.720000      13.4353
     0.721000      13.4117
     0.722000      13.3876
     0.723000      13.3628
     0.724000      13.3372
     0.725000      13.3103
     0.726000      13.2821
     0.727000      13.2521
     0.728000      13.2203
     0.729000      13.1865
     0.730000      13.1504
     0.731000      13.1119
     0.732000      13.0710
     0.733000      13.0276
     0.734000      12.9819
     0.735000      12.9338
     0.736000      12.8835
     0.737000      12.8314
     0.738000      12.7777
     0.739000      12.7227
     0.740000      12.6669
     0.741000      12.6107
     0.742000      12.5545
     0.743000      12.4987
     0.744000      12.4437
     0.745000      12.3897
     0.746000      12.3366
     0.747000      12.2844
     0.748000      12.2324
     0.749000      12.1796
     0.750000      12.1244
     0.751000      12.0644
     0.752000      11.9175
     0.753000      11.8186
     0.754000      11.7452
     0.755000      11.6897
     0.756000      11.6328
     0.757000      11.5635
     0.758000      11.4824
     0.759000      11.3970
     0.760000      11.3161
     0.761000      11.2441
     0.762000      11.1801
     0.763000      11.1181
     0.764000      11.0511
     0.765000      10.9745
     0.766000      10.8894
     0.767000      10.8020
     0.768000      10.7219
     0.769000      10.6556
     0.770000      10.6008
     0.771000      10.5436
     0.772000      10.4663
     0.773000     0.000000
     0.774000     0.000000
     0.775000     0.000000
     0.776000     0.000000
     0.777000     0.000000
     0.778000     0.000000
     0.779000     0.000000
     0.780000     0.000000
     0.781000     0.000000
     0.782000     0.000000
     0.783000     0.000000
     0.784000     0.000000
     0.785000     0.000000
     0.786000     0.000000
     0.787000     0.000000
     0.788000     0.000000
     0.789000     0.000000
     0.790000     0.000000
     0.791000     0.000000
     0.792000     0.000000
     0.793000     0.000000
     0.794000     0.000000
     0.795000     0.000000
     0.796000     0.000000
     0.797000     0.000000
     0.798000     0.000000
     0.799000     0.000000
