0.09062 475.00000
0.10191 470.00000
0.12547 460.00000
0.14985 450.00000
0.17464 440.00000
0.19961 430.00000
0.22463 420.00000
0.24963 410.00000
0.27456 400.00000
0.29941 390.00000
0.32416 380.00000
0.34881 370.00000
0.37337 360.00000
0.39783 350.00000
0.42221 340.00000
0.44647 330.00000
0.47069 320.00000
0.49484 310.00000
0.51892 300.00000
0.54294 290.00000
0.56690 280.00000
0.59080 270.00000
0.61465 260.00000
0.63841 250.00000
0.66208 240.00000
0.68564 230.00000
0.70908 220.00000
0.73238 210.00000
0.75554 200.00000
0.77855 190.00000
0.80138 180.00000
0.82404 170.00000
0.84650 160.00000
0.86873 150.00000
0.89072 140.00000
0.91243 130.00000
0.93383 120.00000
0.95487 110.00000
0.97550 100.00000
0.98564 95.00000
0.99565 90.00000
1.00552 85.00000
1.01525 80.00000
1.02482 75.00000
1.03425 70.00000
1.04353 65.00000
1.05267 60.00000
1.05629 58.00000
1.05988 56.00000
1.06346 54.00000
1.06700 52.00000
1.07053 50.00000
1.07402 48.00000
1.07748 46.00000
1.08093 44.00000
1.08436 42.00000
1.08781 40.00000
1.09131 38.00000
1.09490 36.00000
1.09864 34.00000
1.10263 32.00000
1.10702 30.00000
1.10945 29.00000
1.11212 28.00000
1.11517 27.00000
1.11896 26.00000
1.12463 25.00000
1.13598 24.00000
1.15558 23.00000
1.17705 22.00000
1.19645 21.00000
1.21440 20.00000
1.22314 19.50000
1.23184 19.00000
1.24053 18.50000
1.24928 18.00000
1.25810 17.50000
1.26702 17.00000
1.27607 16.50000
1.28527 16.00000
1.29464 15.50000
1.30422 15.00000
1.31403 14.50000
1.32412 14.00000
1.33453 13.50000
1.34530 13.00000
1.35647 12.50000
1.36809 12.00000
1.38021 11.50000
1.39287 11.00000
1.40615 10.50000
1.42013 10.00000
1.43488 9.50000
1.45048 9.00000
1.46700 8.50000
1.48443 8.00000
1.50272 7.50000
1.52166 7.00000
1.54097 6.50000
1.56027 6.00000
1.57928 5.50000
1.59782 5.00000
1.60506 4.80000
1.61220 4.60000
1.61920 4.40000
1.62602 4.20000
1.63263 4.00000
1.63905 3.80000
1.64529 3.60000
1.65134 3.40000
1.65721 3.20000
1.66292 3.00000
1.66845 2.80000
1.67376 2.60000
1.67880 2.40000
1.68352 2.20000
1.68786 2.00000
1.69177 1.80000
1.69521 1.60000
1.69812 1.40000
