     0.000000         -NaN
   0.00100000         -NaN
   0.00200000         -NaN
   0.00300000         -NaN
   0.00400000         -NaN
   0.00500000         -NaN
   0.00600000         -NaN
   0.00700000         -NaN
   0.00800000         -NaN
   0.00900000         -NaN
    0.0100000         -NaN
    0.0110000         -NaN
    0.0120000         -NaN
    0.0130000         -NaN
    0.0140000         -NaN
    0.0150000         -NaN
    0.0160000         -NaN
    0.0170000         -NaN
    0.0180000         -NaN
    0.0190000         -NaN
    0.0200000         -NaN
    0.0210000         -NaN
    0.0220000         -NaN
    0.0230000         -NaN
    0.0240000         -NaN
    0.0250000         -NaN
    0.0260000         -NaN
    0.0270000         -NaN
    0.0280000         -NaN
    0.0290000         -NaN
    0.0300000         -NaN
    0.0310000         -NaN
    0.0320000         -NaN
    0.0330000         -NaN
    0.0340000         -NaN
    0.0350000         -NaN
    0.0360000         -NaN
    0.0370000         -NaN
    0.0380000         -NaN
    0.0390000         -NaN
    0.0400000         -NaN
    0.0410000         -NaN
    0.0420000         -NaN
    0.0430000         -NaN
    0.0440000         -NaN
    0.0450000         -NaN
    0.0460000         -NaN
    0.0470000         -NaN
    0.0480000         -NaN
    0.0490000         -NaN
    0.0500000         -NaN
    0.0510000         -NaN
    0.0520000         -NaN
    0.0530000         -NaN
    0.0540000         -NaN
    0.0550000         -NaN
    0.0560000         -NaN
    0.0570000         -NaN
    0.0580000         -NaN
    0.0590000         -NaN
    0.0600000         -NaN
    0.0610000         -NaN
    0.0620000         -NaN
    0.0630000         -NaN
    0.0640000         -NaN
    0.0650000         -NaN
    0.0660000         -NaN
    0.0670000         -NaN
    0.0680000         -NaN
    0.0690000         -NaN
    0.0700000         -NaN
    0.0710000         -NaN
    0.0720000         -NaN
    0.0730000         -NaN
    0.0740000         -NaN
    0.0750000         -NaN
    0.0760000         -NaN
    0.0770000         -NaN
    0.0780000         -NaN
    0.0790000         -NaN
    0.0800000         -NaN
    0.0810000         -NaN
    0.0820000         -NaN
    0.0830000         -NaN
    0.0840000         -NaN
    0.0850000         -NaN
    0.0860000         -NaN
    0.0870000         -NaN
    0.0880000         -NaN
    0.0890000         -NaN
    0.0900000         -NaN
    0.0910000         -NaN
    0.0920000         -NaN
    0.0930000         -NaN
    0.0940000         -NaN
    0.0950000         -NaN
    0.0960000         -NaN
    0.0970000         -NaN
    0.0980000         -NaN
    0.0990000         -NaN
     0.100000         -NaN
     0.101000         -NaN
     0.102000         -NaN
     0.103000         -NaN
     0.104000         -NaN
     0.105000         -NaN
     0.106000      295.478
     0.107000      295.001
     0.108000      294.525
     0.109000      294.050
     0.110000      293.576
     0.111000      293.102
     0.112000      292.630
     0.113000      292.158
     0.114000      291.687
     0.115000      291.217
     0.116000      290.747
     0.117000      290.278
     0.118000      289.810
     0.119000      289.342
     0.120000      288.874
     0.121000      288.408
     0.122000      287.941
     0.123000      287.475
     0.124000      287.009
     0.125000      286.544
     0.126000      286.079
     0.127000      285.614
     0.128000      285.150
     0.129000      284.686
     0.130000      284.222
     0.131000      283.758
     0.132000      283.295
     0.133000      282.831
     0.134000      282.368
     0.135000      281.905
     0.136000      281.442
     0.137000      280.980
     0.138000      280.517
     0.139000      280.054
     0.140000      279.592
     0.141000      279.130
     0.142000      278.667
     0.143000      278.205
     0.144000      277.743
     0.145000      277.280
     0.146000      276.818
     0.147000      276.356
     0.148000      275.894
     0.149000      275.432
     0.150000      274.969
     0.151000      274.507
     0.152000      274.045
     0.153000      273.583
     0.154000      273.120
     0.155000      272.658
     0.156000      272.196
     0.157000      271.733
     0.158000      271.271
     0.159000      270.808
     0.160000      270.346
     0.161000      269.883
     0.162000      269.420
     0.163000      268.958
     0.164000      268.495
     0.165000      268.032
     0.166000      267.569
     0.167000      267.106
     0.168000      266.643
     0.169000      266.180
     0.170000      265.717
     0.171000      265.254
     0.172000      264.790
     0.173000      264.327
     0.174000      263.863
     0.175000      263.400
     0.176000      262.936
     0.177000      262.473
     0.178000      262.009
     0.179000      261.545
     0.180000      261.081
     0.181000      260.618
     0.182000      260.154
     0.183000      259.690
     0.184000      259.226
     0.185000      258.761
     0.186000      258.297
     0.187000      257.833
     0.188000      257.369
     0.189000      256.904
     0.190000      256.440
     0.191000      255.975
     0.192000      255.511
     0.193000      255.046
     0.194000      254.581
     0.195000      254.117
     0.196000      253.652
     0.197000      253.187
     0.198000      252.722
     0.199000      252.257
     0.200000      251.792
     0.201000      251.327
     0.202000      250.862
     0.203000      250.397
     0.204000      249.932
     0.205000      249.467
     0.206000      249.001
     0.207000      248.536
     0.208000      248.071
     0.209000      247.605
     0.210000      247.140
     0.211000      246.674
     0.212000      246.209
     0.213000      245.743
     0.214000      245.277
     0.215000      244.812
     0.216000      244.346
     0.217000      243.880
     0.218000      243.414
     0.219000      242.948
     0.220000      242.482
     0.221000      242.016
     0.222000      241.550
     0.223000      241.084
     0.224000      240.618
     0.225000      240.152
     0.226000      239.686
     0.227000      239.220
     0.228000      238.753
     0.229000      238.287
     0.230000      237.821
     0.231000      237.354
     0.232000      236.888
     0.233000      236.421
     0.234000      235.955
     0.235000      235.488
     0.236000      235.022
     0.237000      234.555
     0.238000      234.088
     0.239000      233.622
     0.240000      233.155
     0.241000      232.688
     0.242000      232.221
     0.243000      231.754
     0.244000      231.287
     0.245000      230.820
     0.246000      230.353
     0.247000      229.886
     0.248000      229.418
     0.249000      228.951
     0.250000      228.484
     0.251000      228.016
     0.252000      227.549
     0.253000      227.081
     0.254000      226.614
     0.255000      226.146
     0.256000      225.678
     0.257000      225.211
     0.258000      224.743
     0.259000      224.275
     0.260000      223.807
     0.261000      223.339
     0.262000      222.871
     0.263000      222.403
     0.264000      221.935
     0.265000      221.466
     0.266000      220.998
     0.267000      220.530
     0.268000      220.061
     0.269000      219.593
     0.270000      219.124
     0.271000      218.655
     0.272000      218.186
     0.273000      217.718
     0.274000      217.249
     0.275000      216.780
     0.276000      216.310
     0.277000      215.841
     0.278000      215.372
     0.279000      214.903
     0.280000      214.433
     0.281000      213.964
     0.282000      213.494
     0.283000      213.024
     0.284000      212.554
     0.285000      212.084
     0.286000      211.614
     0.287000      211.144
     0.288000      210.674
     0.289000      210.204
     0.290000      209.733
     0.291000      209.263
     0.292000      208.792
     0.293000      208.322
     0.294000      207.851
     0.295000      207.380
     0.296000      206.909
     0.297000      206.438
     0.298000      205.966
     0.299000      205.495
     0.300000      205.023
     0.301000      204.552
     0.302000      204.080
     0.303000      203.608
     0.304000      203.136
     0.305000      202.664
     0.306000      202.192
     0.307000      201.720
     0.308000      201.247
     0.309000      200.775
     0.310000      200.302
     0.311000      199.829
     0.312000      199.356
     0.313000      198.883
     0.314000      198.410
     0.315000      197.937
     0.316000      197.463
     0.317000      196.990
     0.318000      196.516
     0.319000      196.042
     0.320000      195.568
     0.321000      195.094
     0.322000      194.620
     0.323000      194.146
     0.324000      193.671
     0.325000      193.196
     0.326000      192.722
     0.327000      192.247
     0.328000      191.772
     0.329000      191.296
     0.330000      190.821
     0.331000      190.345
     0.332000      189.870
     0.333000      189.394
     0.334000      188.918
     0.335000      188.442
     0.336000      187.966
     0.337000      187.489
     0.338000      187.013
     0.339000      186.536
     0.340000      186.059
     0.341000      185.582
     0.342000      185.105
     0.343000      184.628
     0.344000      184.150
     0.345000      183.673
     0.346000      183.195
     0.347000      182.717
     0.348000      182.239
     0.349000      181.761
     0.350000      181.282
     0.351000      180.804
     0.352000      180.325
     0.353000      179.846
     0.354000      179.367
     0.355000      178.888
     0.356000      178.409
     0.357000      177.930
     0.358000      177.450
     0.359000      176.970
     0.360000      176.490
     0.361000      176.010
     0.362000      175.530
     0.363000      175.050
     0.364000      174.569
     0.365000      174.088
     0.366000      173.607
     0.367000      173.126
     0.368000      172.645
     0.369000      172.164
     0.370000      171.682
     0.371000      171.201
     0.372000      170.719
     0.373000      170.237
     0.374000      169.755
     0.375000      169.272
     0.376000      168.790
     0.377000      168.307
     0.378000      167.824
     0.379000      167.341
     0.380000      166.858
     0.381000      166.375
     0.382000      165.892
     0.383000      165.408
     0.384000      164.924
     0.385000      164.440
     0.386000      163.956
     0.387000      163.472
     0.388000      162.988
     0.389000      162.503
     0.390000      162.018
     0.391000      161.533
     0.392000      161.048
     0.393000      160.563
     0.394000      160.078
     0.395000      159.592
     0.396000      159.107
     0.397000      158.621
     0.398000      158.135
     0.399000      157.648
     0.400000      157.162
     0.401000      156.675
     0.402000      156.189
     0.403000      155.702
     0.404000      155.215
     0.405000      154.728
     0.406000      154.240
     0.407000      153.753
     0.408000      153.265
     0.409000      152.777
     0.410000      152.289
     0.411000      151.801
     0.412000      151.312
     0.413000      150.823
     0.414000      150.335
     0.415000      149.846
     0.416000      149.356
     0.417000      148.867
     0.418000      148.377
     0.419000      147.888
     0.420000      147.398
     0.421000      146.908
     0.422000      146.417
     0.423000      145.927
     0.424000      145.436
     0.425000      144.945
     0.426000      144.454
     0.427000      143.962
     0.428000      143.471
     0.429000      142.979
     0.430000      142.487
     0.431000      141.995
     0.432000      141.502
     0.433000      141.010
     0.434000      140.517
     0.435000      140.024
     0.436000      139.531
     0.437000      139.037
     0.438000      138.543
     0.439000      138.049
     0.440000      137.555
     0.441000      137.061
     0.442000      136.566
     0.443000      136.071
     0.444000      135.576
     0.445000      135.080
     0.446000      134.584
     0.447000      134.088
     0.448000      133.592
     0.449000      133.096
     0.450000      132.599
     0.451000      132.102
     0.452000      131.605
     0.453000      131.107
     0.454000      130.609
     0.455000      130.111
     0.456000      129.613
     0.457000      129.114
     0.458000      128.615
     0.459000      128.116
     0.460000      127.616
     0.461000      127.116
     0.462000      126.616
     0.463000      126.116
     0.464000      125.615
     0.465000      125.114
     0.466000      124.613
     0.467000      124.111
     0.468000      123.609
     0.469000      123.107
     0.470000      122.605
     0.471000      122.102
     0.472000      121.599
     0.473000      121.096
     0.474000      120.592
     0.475000      120.088
     0.476000      119.584
     0.477000      119.080
     0.478000      118.575
     0.479000      118.070
     0.480000      117.565
     0.481000      117.060
     0.482000      116.554
     0.483000      116.048
     0.484000      115.542
     0.485000      115.036
     0.486000      114.529
     0.487000      114.022
     0.488000      113.515
     0.489000      113.008
     0.490000      112.501
     0.491000      111.993
     0.492000      111.486
     0.493000      110.978
     0.494000      110.471
     0.495000      109.963
     0.496000      109.455
     0.497000      108.947
     0.498000      108.439
     0.499000      107.931
     0.500000      107.423
     0.501000      106.916
     0.502000      106.408
     0.503000      105.900
     0.504000      105.393
     0.505000      104.886
     0.506000      104.379
     0.507000      103.872
     0.508000      103.366
     0.509000      102.860
     0.510000      102.355
     0.511000      101.850
     0.512000      101.345
     0.513000      100.841
     0.514000      99.5245
     0.515000      98.9601
     0.516000      98.4316
     0.517000      97.9271
     0.518000      97.4370
     0.519000      96.9542
     0.520000      96.4733
     0.521000      95.9905
     0.522000      95.5033
     0.523000      95.0099
     0.524000      94.5097
     0.525000      94.0024
     0.526000      93.4881
     0.527000      92.9675
     0.528000      92.4412
     0.529000      91.9102
     0.530000      91.3754
     0.531000      90.8377
     0.532000      90.2980
     0.533000      89.7571
     0.534000      89.2158
     0.535000      88.6747
     0.536000      88.1343
     0.537000      87.5950
     0.538000      87.0572
     0.539000      86.5210
     0.540000      85.9865
     0.541000      85.4537
     0.542000      84.9226
     0.543000      84.3930
     0.544000      83.8647
     0.545000      83.3376
     0.546000      82.8114
     0.547000      82.2858
     0.548000      81.7605
     0.549000      81.2353
     0.550000      80.7100
     0.551000      80.1842
     0.552000      79.6577
     0.553000      79.1304
     0.554000      78.6021
     0.555000      78.0726
     0.556000      77.5418
     0.557000      77.0097
     0.558000      76.4761
     0.559000      75.9411
     0.560000      75.4047
     0.561000      74.8669
     0.562000      74.3278
     0.563000      73.7875
     0.564000      73.2459
     0.565000      72.7032
     0.566000      72.1596
     0.567000      71.6151
     0.568000      71.0699
     0.569000      70.5240
     0.570000      69.9775
     0.571000      69.4305
     0.572000      68.8831
     0.573000      68.3353
     0.574000      67.7873
     0.575000      67.2390
     0.576000      66.6904
     0.577000      66.1415
     0.578000      65.5924
     0.579000      65.0429
     0.580000      64.4931
     0.581000      63.9429
     0.582000      63.3921
     0.583000      62.8408
     0.584000      62.2888
     0.585000      61.7361
     0.586000      61.1824
     0.587000      60.6279
     0.588000      60.0723
     0.589000      59.5155
     0.590000      58.9575
     0.591000      58.3982
     0.592000      57.8376
     0.593000      57.2756
     0.594000      56.7121
     0.595000      56.1471
     0.596000      55.5807
     0.597000      55.0129
     0.598000      54.4436
     0.599000      53.8729
     0.600000      53.3009
     0.601000      52.7276
     0.602000      52.1531
     0.603000      51.5775
     0.604000      51.0009
     0.605000      50.4233
     0.606000      49.8449
     0.607000      49.2657
     0.608000      48.6859
     0.609000      48.1054
     0.610000      47.5244
     0.611000      46.9430
     0.612000      46.3611
     0.613000      45.7787
     0.614000      45.1958
     0.615000      44.6126
     0.616000      44.0288
     0.617000      43.4444
     0.618000      42.8594
     0.619000      42.2736
     0.620000      41.6871
     0.621000      41.0995
     0.622000      40.5110
     0.623000      39.9212
     0.624000      39.3303
     0.625000      38.7380
     0.626000      38.1444
     0.627000      37.5495
     0.628000      36.9534
     0.629000      36.3561
     0.630000      35.7579
     0.631000      35.1589
     0.632000      34.5597
     0.633000      33.9605
     0.634000      33.3619
     0.635000      32.7645
     0.636000      32.1689
     0.637000      31.5760
     0.638000      30.9865
     0.639000      30.4011
     0.640000      29.8207
     0.641000      29.2460
     0.642000      28.6775
     0.643000      28.1157
     0.644000      27.5605
     0.645000      27.0116
     0.646000      26.4682
     0.647000      25.9283
     0.648000      25.3898
     0.649000      24.8487
     0.650000      24.1922
     0.651000      23.7689
     0.652000      23.3327
     0.653000      22.8924
     0.654000      22.4549
     0.655000      22.0256
     0.656000      21.6085
     0.657000      21.2067
     0.658000      20.8223
     0.659000      20.4565
     0.660000      20.1101
     0.661000      19.7831
     0.662000      19.4754
     0.663000      19.1865
     0.664000      18.9156
     0.665000      18.6618
     0.666000      18.4241
     0.667000      18.2014
     0.668000      17.9926
     0.669000      17.7966
     0.670000      17.6123
     0.671000      17.4388
     0.672000      17.2751
     0.673000      17.1203
     0.674000      16.9736
     0.675000      16.8343
     0.676000      16.7018
     0.677000      16.5754
     0.678000      16.4547
     0.679000      16.3393
     0.680000      16.2288
     0.681000      16.1228
     0.682000      16.0212
     0.683000      15.9237
     0.684000      15.8302
     0.685000      15.7404
     0.686000      15.6543
     0.687000      15.5717
     0.688000      15.4927
     0.689000      15.4169
     0.690000      15.3445
     0.691000      15.2753
     0.692000      15.2092
     0.693000      15.1462
     0.694000      15.0861
     0.695000      15.0289
     0.696000      14.9745
     0.697000      14.9226
     0.698000      14.8733
     0.699000      14.8263
     0.700000      14.7816
     0.701000      14.7391
     0.702000      14.6984
     0.703000      14.6596
     0.704000      14.6225
     0.705000      14.5868
     0.706000      14.5526
     0.707000      14.5196
     0.708000      14.4877
     0.709000      14.4567
     0.710000      14.4266
     0.711000      14.3972
     0.712000      14.3684
     0.713000      14.3401
     0.714000      14.3122
     0.715000      14.2847
     0.716000      14.2573
     0.717000      14.2301
     0.718000      14.2029
     0.719000      14.1757
     0.720000      14.1485
     0.721000      14.1211
     0.722000      14.0935
     0.723000      14.0656
     0.724000      14.0374
     0.725000      14.0087
     0.726000      13.9795
     0.727000      13.9497
     0.728000      13.9191
     0.729000      13.8878
     0.730000      13.8556
     0.731000      13.8224
     0.732000      13.7880
     0.733000      13.7523
     0.734000      13.7153
     0.735000      13.6768
     0.736000      13.6367
     0.737000      13.5948
     0.738000      13.5512
     0.739000      13.5056
     0.740000      13.4581
     0.741000      13.4086
     0.742000      13.3570
     0.743000      13.3035
     0.744000      13.2480
     0.745000      13.1907
     0.746000      13.1316
     0.747000      13.0710
     0.748000      13.0090
     0.749000      12.9460
     0.750000      12.8821
     0.751000      12.8178
     0.752000      12.7533
     0.753000      12.6889
     0.754000      12.6250
     0.755000      12.5617
     0.756000      12.4993
     0.757000      12.4379
     0.758000      12.3772
     0.759000      12.3171
     0.760000      12.2568
     0.761000      12.1954
     0.762000      12.1315
     0.763000      12.0631
     0.764000      11.9049
     0.765000      11.8067
     0.766000      11.7330
     0.767000      11.6707
     0.768000      11.5995
     0.769000      11.5135
     0.770000      11.4195
     0.771000      11.3282
     0.772000      11.2462
     0.773000      11.1722
     0.774000      11.0990
     0.775000      11.0187
     0.776000      10.9283
     0.777000      10.8327
     0.778000      10.7423
     0.779000      10.6663
     0.780000      10.6028
     0.781000      10.5353
     0.782000      10.4460
     0.783000     0.000000
     0.784000     0.000000
     0.785000     0.000000
     0.786000     0.000000
     0.787000     0.000000
     0.788000     0.000000
     0.789000     0.000000
     0.790000     0.000000
     0.791000     0.000000
     0.792000     0.000000
     0.793000     0.000000
     0.794000     0.000000
     0.795000     0.000000
     0.796000     0.000000
     0.797000     0.000000
     0.798000     0.000000
     0.799000     0.000000
