     0.000000         -NaN
   0.00100000         -NaN
   0.00200000         -NaN
   0.00300000         -NaN
   0.00400000         -NaN
   0.00500000         -NaN
   0.00600000         -NaN
   0.00700000         -NaN
   0.00800000         -NaN
   0.00900000         -NaN
    0.0100000         -NaN
    0.0110000         -NaN
    0.0120000         -NaN
    0.0130000         -NaN
    0.0140000         -NaN
    0.0150000         -NaN
    0.0160000         -NaN
    0.0170000         -NaN
    0.0180000         -NaN
    0.0190000         -NaN
    0.0200000         -NaN
    0.0210000         -NaN
    0.0220000         -NaN
    0.0230000         -NaN
    0.0240000         -NaN
    0.0250000         -NaN
    0.0260000         -NaN
    0.0270000         -NaN
    0.0280000         -NaN
    0.0290000         -NaN
    0.0300000         -NaN
    0.0310000         -NaN
    0.0320000         -NaN
    0.0330000         -NaN
    0.0340000         -NaN
    0.0350000         -NaN
    0.0360000         -NaN
    0.0370000         -NaN
    0.0380000         -NaN
    0.0390000         -NaN
    0.0400000         -NaN
    0.0410000         -NaN
    0.0420000         -NaN
    0.0430000         -NaN
    0.0440000         -NaN
    0.0450000         -NaN
    0.0460000         -NaN
    0.0470000         -NaN
    0.0480000         -NaN
    0.0490000         -NaN
    0.0500000         -NaN
    0.0510000         -NaN
    0.0520000         -NaN
    0.0530000         -NaN
    0.0540000         -NaN
    0.0550000         -NaN
    0.0560000         -NaN
    0.0570000         -NaN
    0.0580000         -NaN
    0.0590000         -NaN
    0.0600000         -NaN
    0.0610000         -NaN
    0.0620000         -NaN
    0.0630000         -NaN
    0.0640000         -NaN
    0.0650000         -NaN
    0.0660000         -NaN
    0.0670000         -NaN
    0.0680000         -NaN
    0.0690000         -NaN
    0.0700000         -NaN
    0.0710000         -NaN
    0.0720000         -NaN
    0.0730000         -NaN
    0.0740000         -NaN
    0.0750000         -NaN
    0.0760000         -NaN
    0.0770000         -NaN
    0.0780000         -NaN
    0.0790000         -NaN
    0.0800000         -NaN
    0.0810000         -NaN
    0.0820000         -NaN
    0.0830000         -NaN
    0.0840000         -NaN
    0.0850000         -NaN
    0.0860000         -NaN
    0.0870000         -NaN
    0.0880000         -NaN
    0.0890000         -NaN
    0.0900000         -NaN
    0.0910000         -NaN
    0.0920000         -NaN
    0.0930000         -NaN
    0.0940000         -NaN
    0.0950000         -NaN
    0.0960000         -NaN
    0.0970000         -NaN
    0.0980000         -NaN
    0.0990000         -NaN
     0.100000         -NaN
     0.101000         -NaN
     0.102000         -NaN
     0.103000         -NaN
     0.104000         -NaN
     0.105000         -NaN
     0.106000         -NaN
     0.107000         -NaN
     0.108000         -NaN
     0.109000      293.721
     0.110000      293.276
     0.111000      292.828
     0.112000      292.378
     0.113000      291.925
     0.114000      291.470
     0.115000      291.014
     0.116000      290.556
     0.117000      290.096
     0.118000      289.635
     0.119000      289.173
     0.120000      288.709
     0.121000      288.245
     0.122000      287.779
     0.123000      287.313
     0.124000      286.846
     0.125000      286.378
     0.126000      285.910
     0.127000      285.442
     0.128000      284.972
     0.129000      284.503
     0.130000      284.033
     0.131000      283.564
     0.132000      283.093
     0.133000      282.623
     0.134000      282.153
     0.135000      281.682
     0.136000      281.212
     0.137000      280.741
     0.138000      280.271
     0.139000      279.801
     0.140000      279.330
     0.141000      278.860
     0.142000      278.390
     0.143000      277.920
     0.144000      277.450
     0.145000      276.980
     0.146000      276.510
     0.147000      276.040
     0.148000      275.571
     0.149000      275.102
     0.150000      274.632
     0.151000      274.163
     0.152000      273.694
     0.153000      273.225
     0.154000      272.757
     0.155000      272.288
     0.156000      271.820
     0.157000      271.351
     0.158000      270.883
     0.159000      270.415
     0.160000      269.947
     0.161000      269.479
     0.162000      269.011
     0.163000      268.544
     0.164000      268.076
     0.165000      267.608
     0.166000      267.141
     0.167000      266.673
     0.168000      266.206
     0.169000      265.738
     0.170000      265.271
     0.171000      264.803
     0.172000      264.336
     0.173000      263.869
     0.174000      263.401
     0.175000      262.934
     0.176000      262.467
     0.177000      261.999
     0.178000      261.532
     0.179000      261.064
     0.180000      260.597
     0.181000      260.129
     0.182000      259.662
     0.183000      259.194
     0.184000      258.727
     0.185000      258.259
     0.186000      257.791
     0.187000      257.324
     0.188000      256.856
     0.189000      256.388
     0.190000      255.920
     0.191000      255.452
     0.192000      254.984
     0.193000      254.516
     0.194000      254.048
     0.195000      253.579
     0.196000      253.111
     0.197000      252.643
     0.198000      252.174
     0.199000      251.706
     0.200000      251.237
     0.201000      250.769
     0.202000      250.300
     0.203000      249.831
     0.204000      249.363
     0.205000      248.894
     0.206000      248.425
     0.207000      247.956
     0.208000      247.487
     0.209000      247.018
     0.210000      246.549
     0.211000      246.080
     0.212000      245.611
     0.213000      245.141
     0.214000      244.672
     0.215000      244.203
     0.216000      243.733
     0.217000      243.264
     0.218000      242.795
     0.219000      242.325
     0.220000      241.856
     0.221000      241.386
     0.222000      240.917
     0.223000      240.447
     0.224000      239.978
     0.225000      239.508
     0.226000      239.039
     0.227000      238.569
     0.228000      238.099
     0.229000      237.630
     0.230000      237.160
     0.231000      236.691
     0.232000      236.221
     0.233000      235.751
     0.234000      235.282
     0.235000      234.812
     0.236000      234.342
     0.237000      233.872
     0.238000      233.403
     0.239000      232.933
     0.240000      232.463
     0.241000      231.993
     0.242000      231.524
     0.243000      231.054
     0.244000      230.584
     0.245000      230.114
     0.246000      229.645
     0.247000      229.175
     0.248000      228.705
     0.249000      228.235
     0.250000      227.765
     0.251000      227.295
     0.252000      226.825
     0.253000      226.355
     0.254000      225.885
     0.255000      225.415
     0.256000      224.945
     0.257000      224.475
     0.258000      224.005
     0.259000      223.535
     0.260000      223.065
     0.261000      222.595
     0.262000      222.124
     0.263000      221.654
     0.264000      221.184
     0.265000      220.713
     0.266000      220.243
     0.267000      219.772
     0.268000      219.301
     0.269000      218.831
     0.270000      218.360
     0.271000      217.889
     0.272000      217.418
     0.273000      216.947
     0.274000      216.476
     0.275000      216.004
     0.276000      215.533
     0.277000      215.062
     0.278000      214.590
     0.279000      214.118
     0.280000      213.647
     0.281000      213.175
     0.282000      212.703
     0.283000      212.231
     0.284000      211.759
     0.285000      211.286
     0.286000      210.814
     0.287000      210.341
     0.288000      209.868
     0.289000      209.395
     0.290000      208.922
     0.291000      208.449
     0.292000      207.976
     0.293000      207.502
     0.294000      207.029
     0.295000      206.555
     0.296000      206.081
     0.297000      205.607
     0.298000      205.133
     0.299000      204.658
     0.300000      204.184
     0.301000      203.709
     0.302000      203.234
     0.303000      202.759
     0.304000      202.284
     0.305000      201.808
     0.306000      201.333
     0.307000      200.857
     0.308000      200.381
     0.309000      199.905
     0.310000      199.429
     0.311000      198.952
     0.312000      198.476
     0.313000      197.999
     0.314000      197.522
     0.315000      197.045
     0.316000      196.567
     0.317000      196.090
     0.318000      195.612
     0.319000      195.134
     0.320000      194.656
     0.321000      194.178
     0.322000      193.700
     0.323000      193.221
     0.324000      192.743
     0.325000      192.264
     0.326000      191.785
     0.327000      191.305
     0.328000      190.826
     0.329000      190.347
     0.330000      189.867
     0.331000      189.387
     0.332000      188.907
     0.333000      188.427
     0.334000      187.947
     0.335000      187.466
     0.336000      186.986
     0.337000      186.505
     0.338000      186.024
     0.339000      185.543
     0.340000      185.062
     0.341000      184.581
     0.342000      184.100
     0.343000      183.618
     0.344000      183.136
     0.345000      182.655
     0.346000      182.173
     0.347000      181.691
     0.348000      181.209
     0.349000      180.726
     0.350000      180.244
     0.351000      179.762
     0.352000      179.279
     0.353000      178.796
     0.354000      178.314
     0.355000      177.831
     0.356000      177.348
     0.357000      176.865
     0.358000      176.382
     0.359000      175.898
     0.360000      175.415
     0.361000      174.931
     0.362000      174.448
     0.363000      173.964
     0.364000      173.480
     0.365000      172.997
     0.366000      172.513
     0.367000      172.029
     0.368000      171.544
     0.369000      171.060
     0.370000      170.576
     0.371000      170.092
     0.372000      169.607
     0.373000      169.122
     0.374000      168.638
     0.375000      168.153
     0.376000      167.668
     0.377000      167.183
     0.378000      166.698
     0.379000      166.213
     0.380000      165.728
     0.381000      165.242
     0.382000      164.757
     0.383000      164.271
     0.384000      163.785
     0.385000      163.299
     0.386000      162.813
     0.387000      162.327
     0.388000      161.841
     0.389000      161.355
     0.390000      160.868
     0.391000      160.381
     0.392000      159.894
     0.393000      159.408
     0.394000      158.920
     0.395000      158.433
     0.396000      157.946
     0.397000      157.458
     0.398000      156.970
     0.399000      156.482
     0.400000      155.994
     0.401000      155.505
     0.402000      155.017
     0.403000      154.528
     0.404000      154.039
     0.405000      153.550
     0.406000      153.060
     0.407000      152.571
     0.408000      152.081
     0.409000      151.590
     0.410000      151.100
     0.411000      150.609
     0.412000      150.118
     0.413000      149.627
     0.414000      149.136
     0.415000      148.644
     0.416000      148.152
     0.417000      147.659
     0.418000      147.167
     0.419000      146.674
     0.420000      146.180
     0.421000      145.687
     0.422000      145.193
     0.423000      144.698
     0.424000      144.204
     0.425000      143.709
     0.426000      143.214
     0.427000      142.718
     0.428000      142.222
     0.429000      141.726
     0.430000      141.229
     0.431000      140.732
     0.432000      140.235
     0.433000      139.737
     0.434000      139.239
     0.435000      138.740
     0.436000      138.242
     0.437000      137.742
     0.438000      137.243
     0.439000      136.743
     0.440000      136.243
     0.441000      135.742
     0.442000      135.241
     0.443000      134.740
     0.444000      134.238
     0.445000      133.736
     0.446000      133.233
     0.447000      132.731
     0.448000      132.228
     0.449000      131.724
     0.450000      131.220
     0.451000      130.716
     0.452000      130.212
     0.453000      129.707
     0.454000      129.202
     0.455000      128.697
     0.456000      128.191
     0.457000      127.685
     0.458000      127.179
     0.459000      126.672
     0.460000      126.166
     0.461000      125.659
     0.462000      125.151
     0.463000      124.644
     0.464000      124.136
     0.465000      123.628
     0.466000      123.120
     0.467000      122.612
     0.468000      122.103
     0.469000      121.594
     0.470000      121.086
     0.471000      120.576
     0.472000      120.067
     0.473000      119.558
     0.474000      119.048
     0.475000      118.538
     0.476000      118.028
     0.477000      117.518
     0.478000      117.008
     0.479000      116.498
     0.480000      115.987
     0.481000      115.476
     0.482000      114.966
     0.483000      114.454
     0.484000      113.943
     0.485000      113.432
     0.486000      112.920
     0.487000      112.408
     0.488000      111.896
     0.489000      111.384
     0.490000      110.871
     0.491000      110.358
     0.492000      109.845
     0.493000      109.331
     0.494000      108.817
     0.495000      108.302
     0.496000      107.787
     0.497000      107.271
     0.498000      106.755
     0.499000      106.238
     0.500000      105.720
     0.501000      105.201
     0.502000      104.681
     0.503000      104.160
     0.504000      103.638
     0.505000      103.114
     0.506000      102.590
     0.507000      102.063
     0.508000      101.535
     0.509000      101.005
     0.510000      100.474
     0.511000      99.7207
     0.512000      99.2235
     0.513000      98.7392
     0.514000      98.2609
     0.515000      97.7834
     0.516000      97.3029
     0.517000      96.8170
     0.518000      96.3241
     0.519000      95.8234
     0.520000      95.3149
     0.521000      94.7986
     0.522000      94.2753
     0.523000      93.7457
     0.524000      93.2108
     0.525000      92.6714
     0.526000      92.1287
     0.527000      91.5836
     0.528000      91.0370
     0.529000      90.4896
     0.530000      89.9423
     0.531000      89.3955
     0.532000      88.8497
     0.533000      88.3054
     0.534000      87.7627
     0.535000      87.2218
     0.536000      86.6827
     0.537000      86.1456
     0.538000      85.6101
     0.539000      85.0762
     0.540000      84.5436
     0.541000      84.0123
     0.542000      83.4818
     0.543000      82.9520
     0.544000      82.4224
     0.545000      81.8929
     0.546000      81.3632
     0.547000      80.8331
     0.548000      80.3024
     0.549000      79.7708
     0.550000      79.2382
     0.551000      78.7045
     0.552000      78.1695
     0.553000      77.6333
     0.554000      77.0958
     0.555000      76.5570
     0.556000      76.0169
     0.557000      75.4756
     0.558000      74.9332
     0.559000      74.3897
     0.560000      73.8453
     0.561000      73.3001
     0.562000      72.7542
     0.563000      72.2078
     0.564000      71.6610
     0.565000      71.1139
     0.566000      70.5666
     0.567000      70.0192
     0.568000      69.4719
     0.569000      68.9248
     0.570000      68.3778
     0.571000      67.8310
     0.572000      67.2845
     0.573000      66.7383
     0.574000      66.1922
     0.575000      65.6464
     0.576000      65.1008
     0.577000      64.5552
     0.578000      64.0096
     0.579000      63.4639
     0.580000      62.9179
     0.581000      62.3716
     0.582000      61.8248
     0.583000      61.2773
     0.584000      60.7291
     0.585000      60.1800
     0.586000      59.6298
     0.587000      59.0784
     0.588000      58.5257
     0.589000      57.9717
     0.590000      57.4161
     0.591000      56.8589
     0.592000      56.3000
     0.593000      55.7395
     0.594000      55.1772
     0.595000      54.6131
     0.596000      54.0474
     0.597000      53.4799
     0.598000      52.9107
     0.599000      52.3398
     0.600000      51.7674
     0.601000      51.1936
     0.602000      50.6183
     0.603000      50.0418
     0.604000      49.4640
     0.605000      48.8851
     0.606000      48.3052
     0.607000      47.7244
     0.608000      47.1428
     0.609000      46.5603
     0.610000      45.9771
     0.611000      45.3932
     0.612000      44.8087
     0.613000      44.2234
     0.614000      43.6373
     0.615000      43.0505
     0.616000      42.4629
     0.617000      41.8742
     0.618000      41.2845
     0.619000      40.6936
     0.620000      40.1013
     0.621000      39.5075
     0.622000      38.9121
     0.623000      38.3149
     0.624000      37.7158
     0.625000      37.1148
     0.626000      36.5117
     0.627000      35.9066
     0.628000      35.2996
     0.629000      34.6907
     0.630000      34.0802
     0.631000      33.4683
     0.632000      32.8556
     0.633000      32.2424
     0.634000      31.6294
     0.635000      31.0174
     0.636000      30.4071
     0.637000      29.7996
     0.638000      29.1958
     0.639000      28.5969
     0.640000      28.0040
     0.641000      27.4182
     0.642000      26.8407
     0.643000      26.2724
     0.644000      25.7142
     0.645000      25.1665
     0.646000      24.6295
     0.647000      24.2744
     0.648000      23.7264
     0.649000      23.2085
     0.650000      22.7122
     0.651000      22.2316
     0.652000      21.7633
     0.653000      21.3056
     0.654000      20.8577
     0.655000      20.4202
     0.656000      19.9938
     0.657000      19.5798
     0.658000      19.1797
     0.659000      18.7949
     0.660000      18.4266
     0.661000      18.0761
     0.662000      17.7441
     0.663000      17.4313
     0.664000      17.1381
     0.665000      16.8645
     0.666000      16.6102
     0.667000      16.3747
     0.668000      16.1575
     0.669000      15.9575
     0.670000      15.7739
     0.671000      15.6053
     0.672000      15.4507
     0.673000      15.3087
     0.674000      15.1780
     0.675000      15.0575
     0.676000      14.9459
     0.677000      14.8420
     0.678000      14.7448
     0.679000      14.6534
     0.680000      14.5668
     0.681000      14.4844
     0.682000      14.4055
     0.683000      14.3296
     0.684000      14.2563
     0.685000      14.1853
     0.686000      14.1165
     0.687000      14.0497
     0.688000      13.9849
     0.689000      13.9221
     0.690000      13.8614
     0.691000      13.8029
     0.692000      13.7468
     0.693000      13.6931
     0.694000      13.6420
     0.695000      13.5937
     0.696000      13.5481
     0.697000      13.5054
     0.698000      13.4656
     0.699000      13.4286
     0.700000      13.3943
     0.701000      13.3626
     0.702000      13.3335
     0.703000      13.3065
     0.704000      13.2816
     0.705000      13.2583
     0.706000      13.2365
     0.707000      13.2157
     0.708000      13.1957
     0.709000      13.1761
     0.710000      13.1567
     0.711000      13.1371
     0.712000      13.1171
     0.713000      13.0964
     0.714000      13.0750
     0.715000      13.0525
     0.716000      13.0291
     0.717000      13.0045
     0.718000      12.9790
     0.719000      12.9524
     0.720000      12.9249
     0.721000      12.8966
     0.722000      12.8676
     0.723000      12.8380
     0.724000      12.8080
     0.725000      12.7776
     0.726000      12.7468
     0.727000      12.7155
     0.728000      12.6837
     0.729000      12.6512
     0.730000      12.6176
     0.731000      12.5825
     0.732000      12.5457
     0.733000      12.5065
     0.734000      12.4646
     0.735000      12.4197
     0.736000      12.3714
     0.737000      12.3200
     0.738000      12.2661
     0.739000      12.2106
     0.740000      12.1559
     0.741000      12.1049
     0.742000      12.0626
     0.743000      12.0353
     0.744000      11.8717
     0.745000      11.8636
     0.746000      11.8154
     0.747000      11.7599
     0.748000      11.6979
     0.749000      11.6218
     0.750000      11.5500
     0.751000      11.4942
     0.752000      11.4286
     0.753000      11.3399
     0.754000      11.3190
     0.755000     0.000000
     0.756000     0.000000
     0.757000     0.000000
     0.758000     0.000000
     0.759000     0.000000
     0.760000     0.000000
     0.761000     0.000000
     0.762000     0.000000
     0.763000     0.000000
     0.764000     0.000000
     0.765000     0.000000
     0.766000     0.000000
     0.767000     0.000000
     0.768000     0.000000
     0.769000     0.000000
     0.770000     0.000000
     0.771000     0.000000
     0.772000     0.000000
     0.773000     0.000000
     0.774000     0.000000
     0.775000     0.000000
     0.776000     0.000000
     0.777000     0.000000
     0.778000     0.000000
     0.779000     0.000000
     0.780000     0.000000
     0.781000     0.000000
     0.782000     0.000000
     0.783000     0.000000
     0.784000     0.000000
     0.785000     0.000000
     0.786000     0.000000
     0.787000     0.000000
     0.788000     0.000000
     0.789000     0.000000
     0.790000     0.000000
     0.791000     0.000000
     0.792000     0.000000
     0.793000     0.000000
     0.794000     0.000000
     0.795000     0.000000
     0.796000     0.000000
     0.797000     0.000000
     0.798000     0.000000
     0.799000     0.000000
