     0.000000         -NaN
   0.00100000         -NaN
   0.00200000         -NaN
   0.00300000         -NaN
   0.00400000         -NaN
   0.00500000         -NaN
   0.00600000         -NaN
   0.00700000         -NaN
   0.00800000         -NaN
   0.00900000         -NaN
    0.0100000         -NaN
    0.0110000         -NaN
    0.0120000         -NaN
    0.0130000         -NaN
    0.0140000         -NaN
    0.0150000         -NaN
    0.0160000         -NaN
    0.0170000         -NaN
    0.0180000         -NaN
    0.0190000         -NaN
    0.0200000         -NaN
    0.0210000         -NaN
    0.0220000         -NaN
    0.0230000         -NaN
    0.0240000         -NaN
    0.0250000         -NaN
    0.0260000         -NaN
    0.0270000         -NaN
    0.0280000         -NaN
    0.0290000         -NaN
    0.0300000         -NaN
    0.0310000         -NaN
    0.0320000         -NaN
    0.0330000         -NaN
    0.0340000         -NaN
    0.0350000         -NaN
    0.0360000         -NaN
    0.0370000         -NaN
    0.0380000         -NaN
    0.0390000         -NaN
    0.0400000         -NaN
    0.0410000         -NaN
    0.0420000         -NaN
    0.0430000         -NaN
    0.0440000         -NaN
    0.0450000         -NaN
    0.0460000         -NaN
    0.0470000         -NaN
    0.0480000         -NaN
    0.0490000         -NaN
    0.0500000         -NaN
    0.0510000         -NaN
    0.0520000         -NaN
    0.0530000         -NaN
    0.0540000         -NaN
    0.0550000         -NaN
    0.0560000         -NaN
    0.0570000         -NaN
    0.0580000         -NaN
    0.0590000         -NaN
    0.0600000         -NaN
    0.0610000         -NaN
    0.0620000         -NaN
    0.0630000         -NaN
    0.0640000         -NaN
    0.0650000         -NaN
    0.0660000         -NaN
    0.0670000         -NaN
    0.0680000         -NaN
    0.0690000         -NaN
    0.0700000         -NaN
    0.0710000         -NaN
    0.0720000         -NaN
    0.0730000         -NaN
    0.0740000         -NaN
    0.0750000         -NaN
    0.0760000         -NaN
    0.0770000         -NaN
    0.0780000         -NaN
    0.0790000         -NaN
    0.0800000         -NaN
    0.0810000         -NaN
    0.0820000         -NaN
    0.0830000         -NaN
    0.0840000         -NaN
    0.0850000         -NaN
    0.0860000         -NaN
    0.0870000         -NaN
    0.0880000         -NaN
    0.0890000         -NaN
    0.0900000         -NaN
    0.0910000         -NaN
    0.0920000         -NaN
    0.0930000         -NaN
    0.0940000         -NaN
    0.0950000         -NaN
    0.0960000         -NaN
    0.0970000         -NaN
    0.0980000         -NaN
    0.0990000         -NaN
     0.100000         -NaN
     0.101000         -NaN
     0.102000         -NaN
     0.103000         -NaN
     0.104000         -NaN
     0.105000         -NaN
     0.106000      295.519
     0.107000      295.048
     0.108000      294.577
     0.109000      294.106
     0.110000      293.634
     0.111000      293.162
     0.112000      292.690
     0.113000      292.218
     0.114000      291.745
     0.115000      291.272
     0.116000      290.800
     0.117000      290.327
     0.118000      289.854
     0.119000      289.381
     0.120000      288.908
     0.121000      288.435
     0.122000      287.963
     0.123000      287.490
     0.124000      287.017
     0.125000      286.545
     0.126000      286.073
     0.127000      285.600
     0.128000      285.128
     0.129000      284.657
     0.130000      284.185
     0.131000      283.713
     0.132000      283.242
     0.133000      282.771
     0.134000      282.300
     0.135000      281.829
     0.136000      281.358
     0.137000      280.888
     0.138000      280.417
     0.139000      279.947
     0.140000      279.477
     0.141000      279.008
     0.142000      278.538
     0.143000      278.069
     0.144000      277.599
     0.145000      277.130
     0.146000      276.661
     0.147000      276.192
     0.148000      275.724
     0.149000      275.255
     0.150000      274.787
     0.151000      274.319
     0.152000      273.850
     0.153000      273.382
     0.154000      272.915
     0.155000      272.447
     0.156000      271.979
     0.157000      271.511
     0.158000      271.044
     0.159000      270.576
     0.160000      270.109
     0.161000      269.642
     0.162000      269.174
     0.163000      268.707
     0.164000      268.240
     0.165000      267.773
     0.166000      267.306
     0.167000      266.839
     0.168000      266.372
     0.169000      265.905
     0.170000      265.438
     0.171000      264.970
     0.172000      264.503
     0.173000      264.036
     0.174000      263.569
     0.175000      263.102
     0.176000      262.635
     0.177000      262.168
     0.178000      261.701
     0.179000      261.234
     0.180000      260.766
     0.181000      260.299
     0.182000      259.832
     0.183000      259.364
     0.184000      258.897
     0.185000      258.429
     0.186000      257.962
     0.187000      257.494
     0.188000      257.027
     0.189000      256.559
     0.190000      256.091
     0.191000      255.623
     0.192000      255.155
     0.193000      254.687
     0.194000      254.219
     0.195000      253.751
     0.196000      253.283
     0.197000      252.814
     0.198000      252.346
     0.199000      251.877
     0.200000      251.409
     0.201000      250.940
     0.202000      250.471
     0.203000      250.003
     0.204000      249.534
     0.205000      249.065
     0.206000      248.596
     0.207000      248.126
     0.208000      247.657
     0.209000      247.188
     0.210000      246.719
     0.211000      246.249
     0.212000      245.779
     0.213000      245.310
     0.214000      244.840
     0.215000      244.370
     0.216000      243.900
     0.217000      243.430
     0.218000      242.960
     0.219000      242.490
     0.220000      242.020
     0.221000      241.550
     0.222000      241.079
     0.223000      240.609
     0.224000      240.139
     0.225000      239.668
     0.226000      239.197
     0.227000      238.727
     0.228000      238.256
     0.229000      237.785
     0.230000      237.314
     0.231000      236.843
     0.232000      236.372
     0.233000      235.901
     0.234000      235.430
     0.235000      234.958
     0.236000      234.487
     0.237000      234.016
     0.238000      233.544
     0.239000      233.073
     0.240000      232.601
     0.241000      232.130
     0.242000      231.658
     0.243000      231.186
     0.244000      230.714
     0.245000      230.242
     0.246000      229.770
     0.247000      229.298
     0.248000      228.826
     0.249000      228.354
     0.250000      227.882
     0.251000      227.410
     0.252000      226.938
     0.253000      226.465
     0.254000      225.993
     0.255000      225.520
     0.256000      225.048
     0.257000      224.575
     0.258000      224.102
     0.259000      223.630
     0.260000      223.157
     0.261000      222.684
     0.262000      222.211
     0.263000      221.738
     0.264000      221.265
     0.265000      220.792
     0.266000      220.318
     0.267000      219.845
     0.268000      219.372
     0.269000      218.898
     0.270000      218.424
     0.271000      217.951
     0.272000      217.477
     0.273000      217.003
     0.274000      216.529
     0.275000      216.055
     0.276000      215.581
     0.277000      215.107
     0.278000      214.633
     0.279000      214.159
     0.280000      213.684
     0.281000      213.210
     0.282000      212.735
     0.283000      212.260
     0.284000      211.786
     0.285000      211.311
     0.286000      210.836
     0.287000      210.361
     0.288000      209.885
     0.289000      209.410
     0.290000      208.935
     0.291000      208.459
     0.292000      207.984
     0.293000      207.508
     0.294000      207.032
     0.295000      206.556
     0.296000      206.080
     0.297000      205.603
     0.298000      205.127
     0.299000      204.651
     0.300000      204.174
     0.301000      203.697
     0.302000      203.220
     0.303000      202.743
     0.304000      202.266
     0.305000      201.789
     0.306000      201.311
     0.307000      200.834
     0.308000      200.356
     0.309000      199.878
     0.310000      199.400
     0.311000      198.922
     0.312000      198.444
     0.313000      197.966
     0.314000      197.487
     0.315000      197.008
     0.316000      196.530
     0.317000      196.051
     0.318000      195.571
     0.319000      195.092
     0.320000      194.613
     0.321000      194.133
     0.322000      193.653
     0.323000      193.173
     0.324000      192.693
     0.325000      192.213
     0.326000      191.733
     0.327000      191.252
     0.328000      190.771
     0.329000      190.291
     0.330000      189.810
     0.331000      189.328
     0.332000      188.847
     0.333000      188.366
     0.334000      187.884
     0.335000      187.402
     0.336000      186.920
     0.337000      186.438
     0.338000      185.956
     0.339000      185.474
     0.340000      184.991
     0.341000      184.508
     0.342000      184.025
     0.343000      183.542
     0.344000      183.059
     0.345000      182.576
     0.346000      182.092
     0.347000      181.609
     0.348000      181.125
     0.349000      180.641
     0.350000      180.157
     0.351000      179.673
     0.352000      179.188
     0.353000      178.704
     0.354000      178.219
     0.355000      177.734
     0.356000      177.249
     0.357000      176.764
     0.358000      176.279
     0.359000      175.794
     0.360000      175.308
     0.361000      174.822
     0.362000      174.336
     0.363000      173.851
     0.364000      173.364
     0.365000      172.878
     0.366000      172.392
     0.367000      171.905
     0.368000      171.419
     0.369000      170.932
     0.370000      170.445
     0.371000      169.958
     0.372000      169.471
     0.373000      168.983
     0.374000      168.496
     0.375000      168.008
     0.376000      167.521
     0.377000      167.033
     0.378000      166.545
     0.379000      166.057
     0.380000      165.568
     0.381000      165.080
     0.382000      164.592
     0.383000      164.103
     0.384000      163.614
     0.385000      163.125
     0.386000      162.636
     0.387000      162.147
     0.388000      161.658
     0.389000      161.169
     0.390000      160.679
     0.391000      160.189
     0.392000      159.700
     0.393000      159.210
     0.394000      158.720
     0.395000      158.229
     0.396000      157.739
     0.397000      157.249
     0.398000      156.758
     0.399000      156.267
     0.400000      155.776
     0.401000      155.285
     0.402000      154.794
     0.403000      154.303
     0.404000      153.811
     0.405000      153.320
     0.406000      152.828
     0.407000      152.336
     0.408000      151.844
     0.409000      151.351
     0.410000      150.859
     0.411000      150.366
     0.412000      149.874
     0.413000      149.381
     0.414000      148.887
     0.415000      148.394
     0.416000      147.900
     0.417000      147.407
     0.418000      146.913
     0.419000      146.419
     0.420000      145.924
     0.421000      145.430
     0.422000      144.935
     0.423000      144.440
     0.424000      143.945
     0.425000      143.449
     0.426000      142.954
     0.427000      142.458
     0.428000      141.962
     0.429000      141.465
     0.430000      140.969
     0.431000      140.472
     0.432000      139.974
     0.433000      139.477
     0.434000      138.979
     0.435000      138.481
     0.436000      137.983
     0.437000      137.484
     0.438000      136.986
     0.439000      136.486
     0.440000      135.987
     0.441000      135.487
     0.442000      134.987
     0.443000      134.487
     0.444000      133.986
     0.445000      133.485
     0.446000      132.983
     0.447000      132.482
     0.448000      131.980
     0.449000      131.477
     0.450000      130.974
     0.451000      130.471
     0.452000      129.968
     0.453000      129.464
     0.454000      128.960
     0.455000      128.455
     0.456000      127.950
     0.457000      127.445
     0.458000      126.939
     0.459000      126.433
     0.460000      125.927
     0.461000      125.420
     0.462000      124.913
     0.463000      124.405
     0.464000      123.897
     0.465000      123.389
     0.466000      122.880
     0.467000      122.371
     0.468000      121.862
     0.469000      121.352
     0.470000      120.842
     0.471000      120.331
     0.472000      119.820
     0.473000      119.309
     0.474000      118.798
     0.475000      118.286
     0.476000      117.774
     0.477000      117.261
     0.478000      116.748
     0.479000      116.235
     0.480000      115.722
     0.481000      115.208
     0.482000      114.694
     0.483000      114.180
     0.484000      113.666
     0.485000      113.151
     0.486000      112.637
     0.487000      112.122
     0.488000      111.607
     0.489000      111.092
     0.490000      110.576
     0.491000      110.061
     0.492000      109.546
     0.493000      109.030
     0.494000      108.515
     0.495000      108.000
     0.496000      107.485
     0.497000      106.969
     0.498000      106.454
     0.499000      105.940
     0.500000      105.425
     0.501000      104.911
     0.502000      104.397
     0.503000      103.883
     0.504000      103.370
     0.505000      102.857
     0.506000      102.345
     0.507000      101.833
     0.508000      101.322
     0.509000      100.811
     0.510000      99.4693
     0.511000      98.9483
     0.512000      98.4326
     0.513000      97.9202
     0.514000      97.4094
     0.515000      96.8991
     0.516000      96.3880
     0.517000      95.8757
     0.518000      95.3616
     0.519000      94.8453
     0.520000      94.3267
     0.521000      93.8056
     0.522000      93.2822
     0.523000      92.7565
     0.524000      92.2286
     0.525000      91.6986
     0.526000      91.1668
     0.527000      90.6333
     0.528000      90.0983
     0.529000      89.5620
     0.530000      89.0246
     0.531000      88.4862
     0.532000      87.9470
     0.533000      87.4071
     0.534000      86.8665
     0.535000      86.3255
     0.536000      85.7841
     0.537000      85.2423
     0.538000      84.7003
     0.539000      84.1579
     0.540000      83.6153
     0.541000      83.0724
     0.542000      82.5293
     0.543000      81.9860
     0.544000      81.4423
     0.545000      80.8984
     0.546000      80.3542
     0.547000      79.8097
     0.548000      79.2648
     0.549000      78.7195
     0.550000      78.1739
     0.551000      77.6278
     0.552000      77.0812
     0.553000      76.5342
     0.554000      75.9866
     0.555000      75.4385
     0.556000      74.8899
     0.557000      74.3407
     0.558000      73.7908
     0.559000      73.2404
     0.560000      72.6893
     0.561000      72.1375
     0.562000      71.5851
     0.563000      71.0320
     0.564000      70.4781
     0.565000      69.9235
     0.566000      69.3681
     0.567000      68.8118
     0.568000      68.2548
     0.569000      67.6968
     0.570000      67.1379
     0.571000      66.5780
     0.572000      66.0172
     0.573000      65.4553
     0.574000      64.8922
     0.575000      64.3280
     0.576000      63.7626
     0.577000      63.1959
     0.578000      62.6279
     0.579000      62.0585
     0.580000      61.4877
     0.581000      60.9154
     0.582000      60.3415
     0.583000      59.7661
     0.584000      59.1890
     0.585000      58.6102
     0.586000      58.0297
     0.587000      57.4474
     0.588000      56.8633
     0.589000      56.2774
     0.590000      55.6896
     0.591000      55.1000
     0.592000      54.5085
     0.593000      53.9152
     0.594000      53.3200
     0.595000      52.7230
     0.596000      52.1242
     0.597000      51.5236
     0.598000      50.9213
     0.599000      50.3173
     0.600000      49.7117
     0.601000      49.1046
     0.602000      48.4960
     0.603000      47.8860
     0.604000      47.2747
     0.605000      46.6621
     0.606000      46.0485
     0.607000      45.4338
     0.608000      44.8182
     0.609000      44.2018
     0.610000      43.5846
     0.611000      42.9669
     0.612000      42.3486
     0.613000      41.7300
     0.614000      41.1110
     0.615000      40.4919
     0.616000      39.8727
     0.617000      39.2536
     0.618000      38.6346
     0.619000      38.0158
     0.620000      37.3974
     0.621000      36.7794
     0.622000      36.1620
     0.623000      35.5453
     0.624000      34.9295
     0.625000      34.3146
     0.626000      33.7009
     0.627000      33.0885
     0.628000      32.4777
     0.629000      31.8686
     0.630000      31.2616
     0.631000      30.6569
     0.632000      30.0550
     0.633000      29.4562
     0.634000      28.8610
     0.635000      28.2700
     0.636000      27.6838
     0.637000      27.1031
     0.638000      26.5288
     0.639000      25.9617
     0.640000      25.4030
     0.641000      24.8537
     0.642000      24.1318
     0.643000      23.6499
     0.644000      23.1827
     0.645000      22.7319
     0.646000      22.2984
     0.647000      21.8828
     0.648000      21.4852
     0.649000      21.1053
     0.650000      20.7428
     0.651000      20.3972
     0.652000      20.0676
     0.653000      19.7533
     0.654000      19.4537
     0.655000      19.1678
     0.656000      18.8949
     0.657000      18.6343
     0.658000      18.3853
     0.659000      18.1472
     0.660000      17.9195
     0.661000      17.7016
     0.662000      17.4930
     0.663000      17.2934
     0.664000      17.1023
     0.665000      16.9194
     0.666000      16.7445
     0.667000      16.5772
     0.668000      16.4173
     0.669000      16.2646
     0.670000      16.1189
     0.671000      15.9799
     0.672000      15.8475
     0.673000      15.7215
     0.674000      15.6016
     0.675000      15.4877
     0.676000      15.3795
     0.677000      15.2768
     0.678000      15.1794
     0.679000      15.0870
     0.680000      14.9993
     0.681000      14.9161
     0.682000      14.8371
     0.683000      14.7620
     0.684000      14.6905
     0.685000      14.6224
     0.686000      14.5574
     0.687000      14.4952
     0.688000      14.4355
     0.689000      14.3781
     0.690000      14.3228
     0.691000      14.2693
     0.692000      14.2174
     0.693000      14.1670
     0.694000      14.1179
     0.695000      14.0700
     0.696000      14.0231
     0.697000      13.9772
     0.698000      13.9322
     0.699000      13.8881
     0.700000      13.8448
     0.701000      13.8024
     0.702000      13.7609
     0.703000      13.7204
     0.704000      13.6808
     0.705000      13.6422
     0.706000      13.6048
     0.707000      13.5686
     0.708000      13.5336
     0.709000      13.4999
     0.710000      13.4676
     0.711000      13.4367
     0.712000      13.4072
     0.713000      13.3792
     0.714000      13.3527
     0.715000      13.3275
     0.716000      13.3036
     0.717000      13.2810
     0.718000      13.2594
     0.719000      13.2388
     0.720000      13.2190
     0.721000      13.1997
     0.722000      13.1808
     0.723000      13.1620
     0.724000      13.1429
     0.725000      13.1234
     0.726000      13.1032
     0.727000      13.0819
     0.728000      13.0593
     0.729000      13.0352
     0.730000      13.0093
     0.731000      12.9815
     0.732000      12.9515
     0.733000      12.9192
     0.734000      12.8847
     0.735000      12.8479
     0.736000      12.8088
     0.737000      12.7677
     0.738000      12.7246
     0.739000      12.6799
     0.740000      12.6339
     0.741000      12.5869
     0.742000      12.5392
     0.743000      12.4913
     0.744000      12.4434
     0.745000      12.3958
     0.746000      12.3486
     0.747000      12.3016
     0.748000      12.2546
     0.749000      12.2068
     0.750000      12.1571
     0.751000      12.1036
     0.752000      12.0439
     0.753000      11.8831
     0.754000      11.7946
     0.755000      11.7273
     0.756000      11.6729
     0.757000      11.6136
     0.758000      11.5407
     0.759000      11.4571
     0.760000      11.3716
     0.761000      11.2930
     0.762000      11.2247
     0.763000      11.1641
     0.764000      11.1040
     0.765000      11.0366
     0.766000      10.9580
     0.767000      10.8704
     0.768000      10.7820
     0.769000      10.7027
     0.770000      10.6387
     0.771000      10.5852
     0.772000      10.5265
     0.773000      10.4485
     0.774000     0.000000
     0.775000     0.000000
     0.776000     0.000000
     0.777000     0.000000
     0.778000     0.000000
     0.779000     0.000000
     0.780000     0.000000
     0.781000     0.000000
     0.782000     0.000000
     0.783000     0.000000
     0.784000     0.000000
     0.785000     0.000000
     0.786000     0.000000
     0.787000     0.000000
     0.788000     0.000000
     0.789000     0.000000
     0.790000     0.000000
     0.791000     0.000000
     0.792000     0.000000
     0.793000     0.000000
     0.794000     0.000000
     0.795000     0.000000
     0.796000     0.000000
     0.797000     0.000000
     0.798000     0.000000
     0.799000     0.000000
