     0.000000         -NaN
   0.00100000         -NaN
   0.00200000         -NaN
   0.00300000         -NaN
   0.00400000         -NaN
   0.00500000         -NaN
   0.00600000         -NaN
   0.00700000         -NaN
   0.00800000         -NaN
   0.00900000         -NaN
    0.0100000         -NaN
    0.0110000         -NaN
    0.0120000         -NaN
    0.0130000         -NaN
    0.0140000         -NaN
    0.0150000         -NaN
    0.0160000         -NaN
    0.0170000         -NaN
    0.0180000         -NaN
    0.0190000         -NaN
    0.0200000         -NaN
    0.0210000         -NaN
    0.0220000         -NaN
    0.0230000         -NaN
    0.0240000         -NaN
    0.0250000         -NaN
    0.0260000         -NaN
    0.0270000         -NaN
    0.0280000         -NaN
    0.0290000         -NaN
    0.0300000         -NaN
    0.0310000         -NaN
    0.0320000         -NaN
    0.0330000         -NaN
    0.0340000         -NaN
    0.0350000         -NaN
    0.0360000         -NaN
    0.0370000         -NaN
    0.0380000         -NaN
    0.0390000         -NaN
    0.0400000         -NaN
    0.0410000         -NaN
    0.0420000         -NaN
    0.0430000         -NaN
    0.0440000         -NaN
    0.0450000         -NaN
    0.0460000         -NaN
    0.0470000         -NaN
    0.0480000         -NaN
    0.0490000         -NaN
    0.0500000         -NaN
    0.0510000         -NaN
    0.0520000         -NaN
    0.0530000         -NaN
    0.0540000         -NaN
    0.0550000         -NaN
    0.0560000         -NaN
    0.0570000         -NaN
    0.0580000         -NaN
    0.0590000         -NaN
    0.0600000         -NaN
    0.0610000         -NaN
    0.0620000         -NaN
    0.0630000         -NaN
    0.0640000         -NaN
    0.0650000         -NaN
    0.0660000         -NaN
    0.0670000         -NaN
    0.0680000         -NaN
    0.0690000         -NaN
    0.0700000         -NaN
    0.0710000         -NaN
    0.0720000         -NaN
    0.0730000         -NaN
    0.0740000         -NaN
    0.0750000         -NaN
    0.0760000         -NaN
    0.0770000         -NaN
    0.0780000         -NaN
    0.0790000         -NaN
    0.0800000         -NaN
    0.0810000         -NaN
    0.0820000         -NaN
    0.0830000         -NaN
    0.0840000         -NaN
    0.0850000         -NaN
    0.0860000         -NaN
    0.0870000         -NaN
    0.0880000         -NaN
    0.0890000         -NaN
    0.0900000         -NaN
    0.0910000         -NaN
    0.0920000         -NaN
    0.0930000         -NaN
    0.0940000         -NaN
    0.0950000         -NaN
    0.0960000         -NaN
    0.0970000         -NaN
    0.0980000         -NaN
    0.0990000         -NaN
     0.100000         -NaN
     0.101000         -NaN
     0.102000         -NaN
     0.103000         -NaN
     0.104000         -NaN
     0.105000         -NaN
     0.106000         -NaN
     0.107000         -NaN
     0.108000         -NaN
     0.109000         -NaN
     0.110000      297.700
     0.111000      297.217
     0.112000      296.734
     0.113000      296.252
     0.114000      295.770
     0.115000      295.289
     0.116000      294.809
     0.117000      294.329
     0.118000      293.849
     0.119000      293.370
     0.120000      292.891
     0.121000      292.413
     0.122000      291.936
     0.123000      291.459
     0.124000      290.982
     0.125000      290.506
     0.126000      290.030
     0.127000      289.555
     0.128000      289.080
     0.129000      288.605
     0.130000      288.131
     0.131000      287.657
     0.132000      287.184
     0.133000      286.710
     0.134000      286.238
     0.135000      285.765
     0.136000      285.293
     0.137000      284.821
     0.138000      284.349
     0.139000      283.878
     0.140000      283.406
     0.141000      282.935
     0.142000      282.464
     0.143000      281.994
     0.144000      281.523
     0.145000      281.053
     0.146000      280.583
     0.147000      280.113
     0.148000      279.643
     0.149000      279.173
     0.150000      278.704
     0.151000      278.234
     0.152000      277.764
     0.153000      277.295
     0.154000      276.826
     0.155000      276.356
     0.156000      275.887
     0.157000      275.418
     0.158000      274.949
     0.159000      274.480
     0.160000      274.010
     0.161000      273.541
     0.162000      273.072
     0.163000      272.603
     0.164000      272.134
     0.165000      271.665
     0.166000      271.196
     0.167000      270.727
     0.168000      270.257
     0.169000      269.788
     0.170000      269.319
     0.171000      268.850
     0.172000      268.380
     0.173000      267.911
     0.174000      267.441
     0.175000      266.972
     0.176000      266.502
     0.177000      266.033
     0.178000      265.563
     0.179000      265.093
     0.180000      264.624
     0.181000      264.154
     0.182000      263.684
     0.183000      263.214
     0.184000      262.744
     0.185000      262.274
     0.186000      261.804
     0.187000      261.333
     0.188000      260.863
     0.189000      260.393
     0.190000      259.922
     0.191000      259.452
     0.192000      258.981
     0.193000      258.510
     0.194000      258.040
     0.195000      257.569
     0.196000      257.098
     0.197000      256.627
     0.198000      256.156
     0.199000      255.686
     0.200000      255.215
     0.201000      254.743
     0.202000      254.272
     0.203000      253.801
     0.204000      253.330
     0.205000      252.858
     0.206000      252.387
     0.207000      251.916
     0.208000      251.444
     0.209000      250.973
     0.210000      250.501
     0.211000      250.030
     0.212000      249.558
     0.213000      249.086
     0.214000      248.614
     0.215000      248.143
     0.216000      247.671
     0.217000      247.199
     0.218000      246.727
     0.219000      246.255
     0.220000      245.783
     0.221000      245.311
     0.222000      244.839
     0.223000      244.367
     0.224000      243.894
     0.225000      243.422
     0.226000      242.950
     0.227000      242.477
     0.228000      242.005
     0.229000      241.533
     0.230000      241.060
     0.231000      240.588
     0.232000      240.115
     0.233000      239.642
     0.234000      239.170
     0.235000      238.697
     0.236000      238.224
     0.237000      237.751
     0.238000      237.278
     0.239000      236.806
     0.240000      236.333
     0.241000      235.859
     0.242000      235.386
     0.243000      234.913
     0.244000      234.440
     0.245000      233.967
     0.246000      233.493
     0.247000      233.020
     0.248000      232.546
     0.249000      232.073
     0.250000      231.599
     0.251000      231.125
     0.252000      230.652
     0.253000      230.178
     0.254000      229.704
     0.255000      229.230
     0.256000      228.756
     0.257000      228.281
     0.258000      227.807
     0.259000      227.333
     0.260000      226.858
     0.261000      226.384
     0.262000      225.909
     0.263000      225.434
     0.264000      224.959
     0.265000      224.484
     0.266000      224.009
     0.267000      223.534
     0.268000      223.059
     0.269000      222.583
     0.270000      222.108
     0.271000      221.632
     0.272000      221.156
     0.273000      220.681
     0.274000      220.205
     0.275000      219.728
     0.276000      219.252
     0.277000      218.776
     0.278000      218.299
     0.279000      217.823
     0.280000      217.346
     0.281000      216.869
     0.282000      216.392
     0.283000      215.915
     0.284000      215.438
     0.285000      214.961
     0.286000      214.483
     0.287000      214.005
     0.288000      213.528
     0.289000      213.050
     0.290000      212.572
     0.291000      212.093
     0.292000      211.615
     0.293000      211.136
     0.294000      210.658
     0.295000      210.179
     0.296000      209.700
     0.297000      209.221
     0.298000      208.742
     0.299000      208.262
     0.300000      207.783
     0.301000      207.303
     0.302000      206.824
     0.303000      206.344
     0.304000      205.864
     0.305000      205.383
     0.306000      204.903
     0.307000      204.422
     0.308000      203.942
     0.309000      203.461
     0.310000      202.980
     0.311000      202.499
     0.312000      202.018
     0.313000      201.536
     0.314000      201.055
     0.315000      200.573
     0.316000      200.092
     0.317000      199.610
     0.318000      199.128
     0.319000      198.645
     0.320000      198.163
     0.321000      197.681
     0.322000      197.198
     0.323000      196.715
     0.324000      196.232
     0.325000      195.749
     0.326000      195.266
     0.327000      194.783
     0.328000      194.300
     0.329000      193.816
     0.330000      193.333
     0.331000      192.849
     0.332000      192.365
     0.333000      191.881
     0.334000      191.397
     0.335000      190.913
     0.336000      190.428
     0.337000      189.944
     0.338000      189.459
     0.339000      188.974
     0.340000      188.490
     0.341000      188.005
     0.342000      187.520
     0.343000      187.034
     0.344000      186.549
     0.345000      186.064
     0.346000      185.578
     0.347000      185.092
     0.348000      184.607
     0.349000      184.121
     0.350000      183.635
     0.351000      183.149
     0.352000      182.662
     0.353000      182.176
     0.354000      181.689
     0.355000      181.203
     0.356000      180.716
     0.357000      180.229
     0.358000      179.742
     0.359000      179.255
     0.360000      178.768
     0.361000      178.281
     0.362000      177.793
     0.363000      177.305
     0.364000      176.818
     0.365000      176.330
     0.366000      175.842
     0.367000      175.354
     0.368000      174.865
     0.369000      174.377
     0.370000      173.888
     0.371000      173.400
     0.372000      172.911
     0.373000      172.422
     0.374000      171.932
     0.375000      171.443
     0.376000      170.954
     0.377000      170.464
     0.378000      169.974
     0.379000      169.484
     0.380000      168.994
     0.381000      168.504
     0.382000      168.013
     0.383000      167.522
     0.384000      167.031
     0.385000      166.540
     0.386000      166.049
     0.387000      165.558
     0.388000      165.066
     0.389000      164.574
     0.390000      164.082
     0.391000      163.590
     0.392000      163.097
     0.393000      162.604
     0.394000      162.111
     0.395000      161.618
     0.396000      161.124
     0.397000      160.631
     0.398000      160.137
     0.399000      159.643
     0.400000      159.148
     0.401000      158.653
     0.402000      158.158
     0.403000      157.663
     0.404000      157.168
     0.405000      156.672
     0.406000      156.176
     0.407000      155.679
     0.408000      155.183
     0.409000      154.686
     0.410000      154.189
     0.411000      153.691
     0.412000      153.193
     0.413000      152.695
     0.414000      152.197
     0.415000      151.698
     0.416000      151.199
     0.417000      150.699
     0.418000      150.200
     0.419000      149.700
     0.420000      149.199
     0.421000      148.699
     0.422000      148.198
     0.423000      147.696
     0.424000      147.195
     0.425000      146.693
     0.426000      146.190
     0.427000      145.688
     0.428000      145.185
     0.429000      144.682
     0.430000      144.178
     0.431000      143.674
     0.432000      143.170
     0.433000      142.665
     0.434000      142.160
     0.435000      141.655
     0.436000      141.149
     0.437000      140.643
     0.438000      140.137
     0.439000      139.631
     0.440000      139.124
     0.441000      138.617
     0.442000      138.109
     0.443000      137.602
     0.444000      137.093
     0.445000      136.585
     0.446000      136.077
     0.447000      135.568
     0.448000      135.058
     0.449000      134.549
     0.450000      134.039
     0.451000      133.529
     0.452000      133.019
     0.453000      132.509
     0.454000      131.998
     0.455000      131.487
     0.456000      130.975
     0.457000      130.464
     0.458000      129.952
     0.459000      129.440
     0.460000      128.928
     0.461000      128.416
     0.462000      127.903
     0.463000      127.390
     0.464000      126.877
     0.465000      126.364
     0.466000      125.850
     0.467000      125.337
     0.468000      124.823
     0.469000      124.309
     0.470000      123.795
     0.471000      123.280
     0.472000      122.765
     0.473000      122.250
     0.474000      121.735
     0.475000      121.220
     0.476000      120.704
     0.477000      120.188
     0.478000      119.672
     0.479000      119.156
     0.480000      118.639
     0.481000      118.122
     0.482000      117.605
     0.483000      117.087
     0.484000      116.569
     0.485000      116.051
     0.486000      115.532
     0.487000      115.013
     0.488000      114.493
     0.489000      113.973
     0.490000      113.452
     0.491000      112.931
     0.492000      112.408
     0.493000      111.886
     0.494000      111.362
     0.495000      110.838
     0.496000      110.312
     0.497000      109.786
     0.498000      109.258
     0.499000      108.730
     0.500000      108.200
     0.501000      107.669
     0.502000      107.137
     0.503000      106.603
     0.504000      106.067
     0.505000      105.530
     0.506000      104.990
     0.507000      104.449
     0.508000      103.906
     0.509000      103.360
     0.510000      102.812
     0.511000      102.261
     0.512000      101.707
     0.513000      101.150
     0.514000      100.590
     0.515000      100.026
     0.516000      99.8787
     0.517000      99.3654
     0.518000      98.8605
     0.519000      98.3587
     0.520000      97.8558
     0.521000      97.3492
     0.522000      96.8372
     0.523000      96.3189
     0.524000      95.7939
     0.525000      95.2622
     0.526000      94.7244
     0.527000      94.1810
     0.528000      93.6327
     0.529000      93.0804
     0.530000      92.5248
     0.531000      91.9667
     0.532000      91.4068
     0.533000      90.8457
     0.534000      90.2839
     0.535000      89.7219
     0.536000      89.1600
     0.537000      88.5985
     0.538000      88.0374
     0.539000      87.4769
     0.540000      86.9171
     0.541000      86.3578
     0.542000      85.7991
     0.543000      85.2407
     0.544000      84.6825
     0.545000      84.1245
     0.546000      83.5665
     0.547000      83.0083
     0.548000      82.4497
     0.549000      81.8907
     0.550000      81.3312
     0.551000      80.7710
     0.552000      80.2102
     0.553000      79.6486
     0.554000      79.0863
     0.555000      78.5233
     0.556000      77.9595
     0.557000      77.3951
     0.558000      76.8301
     0.559000      76.2645
     0.560000      75.6984
     0.561000      75.1318
     0.562000      74.5650
     0.563000      73.9978
     0.564000      73.4304
     0.565000      72.8628
     0.566000      72.2949
     0.567000      71.7270
     0.568000      71.1588
     0.569000      70.5903
     0.570000      70.0216
     0.571000      69.4524
     0.572000      68.8828
     0.573000      68.3125
     0.574000      67.7415
     0.575000      67.1695
     0.576000      66.5964
     0.577000      66.0220
     0.578000      65.4461
     0.579000      64.8685
     0.580000      64.2889
     0.581000      63.7072
     0.582000      63.1232
     0.583000      62.5367
     0.584000      61.9475
     0.585000      61.3555
     0.586000      60.7605
     0.587000      60.1625
     0.588000      59.5613
     0.589000      58.9569
     0.590000      58.3494
     0.591000      57.7386
     0.592000      57.1248
     0.593000      56.5079
     0.594000      55.8881
     0.595000      55.2656
     0.596000      54.6406
     0.597000      54.0133
     0.598000      53.3840
     0.599000      52.7528
     0.600000      52.1202
     0.601000      51.4864
     0.602000      50.8518
     0.603000      50.2166
     0.604000      49.5812
     0.605000      48.9459
     0.606000      48.3110
     0.607000      47.6768
     0.608000      47.0435
     0.609000      46.4113
     0.610000      45.7805
     0.611000      45.1512
     0.612000      44.5235
     0.613000      43.8975
     0.614000      43.2732
     0.615000      42.6507
     0.616000      42.0297
     0.617000      41.4104
     0.618000      40.7924
     0.619000      40.1757
     0.620000      39.5601
     0.621000      38.9453
     0.622000      38.3311
     0.623000      37.7173
     0.624000      37.1035
     0.625000      36.4897
     0.626000      35.8755
     0.627000      35.2607
     0.628000      34.6451
     0.629000      34.0286
     0.630000      33.4109
     0.631000      32.7918
     0.632000      32.1712
     0.633000      31.5488
     0.634000      30.9242
     0.635000      30.2971
     0.636000      29.6666
     0.637000      29.0320
     0.638000      28.3920
     0.639000      27.7448
     0.640000      27.0881
     0.641000      26.4188
     0.642000      25.7327
     0.643000      25.0246
     0.644000      24.2878
     0.645000      24.1378
     0.646000      23.7233
     0.647000      23.3435
     0.648000      22.9895
     0.649000      22.6543
     0.650000      22.3327
     0.651000      22.0207
     0.652000      21.7154
     0.653000      21.4151
     0.654000      21.1186
     0.655000      20.8253
     0.656000      20.5351
     0.657000      20.2480
     0.658000      19.9647
     0.659000      19.6855
     0.660000      19.4112
     0.661000      19.1423
     0.662000      18.8796
     0.663000      18.6237
     0.664000      18.3750
     0.665000      18.1341
     0.666000      17.9013
     0.667000      17.6769
     0.668000      17.4610
     0.669000      17.2537
     0.670000      17.0551
     0.671000      16.8650
     0.672000      16.6834
     0.673000      16.5100
     0.674000      16.3445
     0.675000      16.1867
     0.676000      16.0363
     0.677000      15.8930
     0.678000      15.7565
     0.679000      15.6263
     0.680000      15.5023
     0.681000      15.3841
     0.682000      15.2714
     0.683000      15.1641
     0.684000      15.0619
     0.685000      14.9646
     0.686000      14.8721
     0.687000      14.7843
     0.688000      14.7011
     0.689000      14.6223
     0.690000      14.5481
     0.691000      14.4783
     0.692000      14.4129
     0.693000      14.3521
     0.694000      14.2957
     0.695000      14.2437
     0.696000      14.1963
     0.697000      14.1534
     0.698000      14.1149
     0.699000      14.0809
     0.700000      14.0512
     0.701000      14.0258
     0.702000      14.0046
     0.703000      13.9874
     0.704000      13.9739
     0.705000      13.9641
     0.706000      13.9576
     0.707000      13.9541
     0.708000      13.9534
     0.709000      13.9550
     0.710000      13.9585
     0.711000      13.9635
     0.712000      13.9697
     0.713000      13.9765
     0.714000      13.9836
     0.715000      13.9903
     0.716000      13.9964
     0.717000      14.0012
     0.718000      14.0045
     0.719000      14.0058
     0.720000      14.0047
     0.721000      14.0008
     0.722000      13.9940
     0.723000      13.9838
     0.724000      13.9702
     0.725000      13.9530
     0.726000      13.9321
     0.727000      13.9075
     0.728000      13.8793
     0.729000      13.8475
     0.730000      13.8123
     0.731000      13.7740
     0.732000      13.7328
     0.733000      13.6891
     0.734000      13.6433
     0.735000      13.5956
     0.736000      13.5467
     0.737000      13.4969
     0.738000      13.4466
     0.739000      13.3963
     0.740000      13.3463
     0.741000      13.2971
     0.742000      13.2487
     0.743000      13.2016
     0.744000      13.1558
     0.745000      13.1114
     0.746000      13.0683
     0.747000      13.0262
     0.748000      12.9849
     0.749000      12.9440
     0.750000      12.9030
     0.751000      12.8613
     0.752000      12.8182
     0.753000      12.7729
     0.754000      12.7249
     0.755000      12.6734
     0.756000      12.6179
     0.757000      12.5582
     0.758000      12.4942
     0.759000      12.4265
     0.760000      12.3560
     0.761000      12.2846
     0.762000      12.2149
     0.763000      12.1510
     0.764000      12.0981
     0.765000      12.0633
     0.766000      12.0558
     0.767000      11.8397
     0.768000      11.8456
     0.769000      11.7896
     0.770000      11.6990
     0.771000      11.5986
     0.772000      11.5047
     0.773000      11.4232
     0.774000      11.3528
     0.775000      11.2873
     0.776000      11.2203
     0.777000      11.1473
     0.778000      11.0672
     0.779000      10.9822
     0.780000      10.8959
     0.781000      10.8114
     0.782000      10.7291
     0.783000      10.6470
     0.784000      10.5648
     0.785000      10.4935
     0.786000      10.4753
     0.787000     0.000000
     0.788000     0.000000
     0.789000     0.000000
     0.790000     0.000000
     0.791000     0.000000
     0.792000     0.000000
     0.793000     0.000000
     0.794000     0.000000
     0.795000     0.000000
     0.796000     0.000000
     0.797000     0.000000
     0.798000     0.000000
     0.799000     0.000000
