     0.000000         -NaN
   0.00100000         -NaN
   0.00200000         -NaN
   0.00300000         -NaN
   0.00400000         -NaN
   0.00500000         -NaN
   0.00600000         -NaN
   0.00700000         -NaN
   0.00800000         -NaN
   0.00900000         -NaN
    0.0100000         -NaN
    0.0110000         -NaN
    0.0120000         -NaN
    0.0130000         -NaN
    0.0140000         -NaN
    0.0150000         -NaN
    0.0160000         -NaN
    0.0170000         -NaN
    0.0180000         -NaN
    0.0190000         -NaN
    0.0200000         -NaN
    0.0210000         -NaN
    0.0220000         -NaN
    0.0230000         -NaN
    0.0240000         -NaN
    0.0250000         -NaN
    0.0260000         -NaN
    0.0270000         -NaN
    0.0280000         -NaN
    0.0290000         -NaN
    0.0300000         -NaN
    0.0310000         -NaN
    0.0320000         -NaN
    0.0330000         -NaN
    0.0340000         -NaN
    0.0350000         -NaN
    0.0360000         -NaN
    0.0370000         -NaN
    0.0380000         -NaN
    0.0390000         -NaN
    0.0400000         -NaN
    0.0410000         -NaN
    0.0420000         -NaN
    0.0430000         -NaN
    0.0440000         -NaN
    0.0450000         -NaN
    0.0460000         -NaN
    0.0470000         -NaN
    0.0480000         -NaN
    0.0490000         -NaN
    0.0500000         -NaN
    0.0510000         -NaN
    0.0520000         -NaN
    0.0530000         -NaN
    0.0540000         -NaN
    0.0550000         -NaN
    0.0560000         -NaN
    0.0570000         -NaN
    0.0580000         -NaN
    0.0590000         -NaN
    0.0600000         -NaN
    0.0610000         -NaN
    0.0620000         -NaN
    0.0630000         -NaN
    0.0640000         -NaN
    0.0650000         -NaN
    0.0660000         -NaN
    0.0670000         -NaN
    0.0680000         -NaN
    0.0690000         -NaN
    0.0700000         -NaN
    0.0710000         -NaN
    0.0720000         -NaN
    0.0730000         -NaN
    0.0740000         -NaN
    0.0750000         -NaN
    0.0760000         -NaN
    0.0770000         -NaN
    0.0780000         -NaN
    0.0790000         -NaN
    0.0800000         -NaN
    0.0810000         -NaN
    0.0820000         -NaN
    0.0830000         -NaN
    0.0840000         -NaN
    0.0850000         -NaN
    0.0860000         -NaN
    0.0870000         -NaN
    0.0880000         -NaN
    0.0890000         -NaN
    0.0900000         -NaN
    0.0910000         -NaN
    0.0920000         -NaN
    0.0930000         -NaN
    0.0940000         -NaN
    0.0950000         -NaN
    0.0960000         -NaN
    0.0970000         -NaN
    0.0980000      297.412
    0.0990000      296.638
     0.100000      295.880
     0.101000      295.136
     0.102000      294.406
     0.103000      293.689
     0.104000      292.985
     0.105000      292.292
     0.106000      291.612
     0.107000      290.942
     0.108000      290.283
     0.109000      289.633
     0.110000      288.993
     0.111000      288.362
     0.112000      287.739
     0.113000      287.125
     0.114000      286.518
     0.115000      285.918
     0.116000      285.326
     0.117000      284.740
     0.118000      284.160
     0.119000      283.586
     0.120000      283.017
     0.121000      282.454
     0.122000      281.895
     0.123000      281.341
     0.124000      280.792
     0.125000      280.247
     0.126000      279.705
     0.127000      279.168
     0.128000      278.633
     0.129000      278.102
     0.130000      277.574
     0.131000      277.049
     0.132000      276.526
     0.133000      276.006
     0.134000      275.488
     0.135000      274.973
     0.136000      274.459
     0.137000      273.947
     0.138000      273.437
     0.139000      272.929
     0.140000      272.422
     0.141000      271.916
     0.142000      271.412
     0.143000      270.909
     0.144000      270.407
     0.145000      269.906
     0.146000      269.406
     0.147000      268.907
     0.148000      268.409
     0.149000      267.911
     0.150000      267.414
     0.151000      266.917
     0.152000      266.421
     0.153000      265.926
     0.154000      265.431
     0.155000      264.936
     0.156000      264.442
     0.157000      263.948
     0.158000      263.454
     0.159000      262.960
     0.160000      262.467
     0.161000      261.974
     0.162000      261.481
     0.163000      260.988
     0.164000      260.496
     0.165000      260.003
     0.166000      259.511
     0.167000      259.018
     0.168000      258.526
     0.169000      258.034
     0.170000      257.542
     0.171000      257.050
     0.172000      256.558
     0.173000      256.066
     0.174000      255.573
     0.175000      255.082
     0.176000      254.589
     0.177000      254.097
     0.178000      253.606
     0.179000      253.114
     0.180000      252.622
     0.181000      252.130
     0.182000      251.638
     0.183000      251.146
     0.184000      250.654
     0.185000      250.162
     0.186000      249.671
     0.187000      249.179
     0.188000      248.687
     0.189000      248.196
     0.190000      247.704
     0.191000      247.212
     0.192000      246.721
     0.193000      246.229
     0.194000      245.738
     0.195000      245.247
     0.196000      244.755
     0.197000      244.264
     0.198000      243.773
     0.199000      243.282
     0.200000      242.791
     0.201000      242.300
     0.202000      241.809
     0.203000      241.318
     0.204000      240.828
     0.205000      240.337
     0.206000      239.847
     0.207000      239.356
     0.208000      238.866
     0.209000      238.376
     0.210000      237.886
     0.211000      237.396
     0.212000      236.906
     0.213000      236.416
     0.214000      235.926
     0.215000      235.437
     0.216000      234.947
     0.217000      234.458
     0.218000      233.968
     0.219000      233.479
     0.220000      232.990
     0.221000      232.501
     0.222000      232.012
     0.223000      231.523
     0.224000      231.034
     0.225000      230.545
     0.226000      230.056
     0.227000      229.568
     0.228000      229.079
     0.229000      228.591
     0.230000      228.102
     0.231000      227.614
     0.232000      227.126
     0.233000      226.637
     0.234000      226.149
     0.235000      225.661
     0.236000      225.173
     0.237000      224.685
     0.238000      224.197
     0.239000      223.708
     0.240000      223.220
     0.241000      222.732
     0.242000      222.244
     0.243000      221.756
     0.244000      221.268
     0.245000      220.780
     0.246000      220.292
     0.247000      219.804
     0.248000      219.316
     0.249000      218.828
     0.250000      218.340
     0.251000      217.852
     0.252000      217.364
     0.253000      216.876
     0.254000      216.388
     0.255000      215.899
     0.256000      215.411
     0.257000      214.923
     0.258000      214.434
     0.259000      213.946
     0.260000      213.457
     0.261000      212.969
     0.262000      212.480
     0.263000      211.991
     0.264000      211.503
     0.265000      211.014
     0.266000      210.525
     0.267000      210.036
     0.268000      209.547
     0.269000      209.058
     0.270000      208.568
     0.271000      208.079
     0.272000      207.590
     0.273000      207.100
     0.274000      206.611
     0.275000      206.121
     0.276000      205.631
     0.277000      205.141
     0.278000      204.651
     0.279000      204.161
     0.280000      203.671
     0.281000      203.181
     0.282000      202.690
     0.283000      202.200
     0.284000      201.710
     0.285000      201.219
     0.286000      200.728
     0.287000      200.237
     0.288000      199.747
     0.289000      199.256
     0.290000      198.765
     0.291000      198.273
     0.292000      197.782
     0.293000      197.291
     0.294000      196.799
     0.295000      196.308
     0.296000      195.816
     0.297000      195.325
     0.298000      194.833
     0.299000      194.341
     0.300000      193.850
     0.301000      193.358
     0.302000      192.866
     0.303000      192.374
     0.304000      191.881
     0.305000      191.389
     0.306000      190.897
     0.307000      190.405
     0.308000      189.912
     0.309000      189.420
     0.310000      188.928
     0.311000      188.435
     0.312000      187.943
     0.313000      187.450
     0.314000      186.957
     0.315000      186.465
     0.316000      185.972
     0.317000      185.479
     0.318000      184.986
     0.319000      184.493
     0.320000      184.001
     0.321000      183.508
     0.322000      183.015
     0.323000      182.522
     0.324000      182.029
     0.325000      181.535
     0.326000      181.042
     0.327000      180.549
     0.328000      180.056
     0.329000      179.563
     0.330000      179.070
     0.331000      178.576
     0.332000      178.083
     0.333000      177.590
     0.334000      177.096
     0.335000      176.603
     0.336000      176.109
     0.337000      175.616
     0.338000      175.122
     0.339000      174.628
     0.340000      174.135
     0.341000      173.641
     0.342000      173.147
     0.343000      172.653
     0.344000      172.159
     0.345000      171.665
     0.346000      171.171
     0.347000      170.677
     0.348000      170.183
     0.349000      169.689
     0.350000      169.194
     0.351000      168.700
     0.352000      168.205
     0.353000      167.710
     0.354000      167.215
     0.355000      166.721
     0.356000      166.225
     0.357000      165.730
     0.358000      165.235
     0.359000      164.739
     0.360000      164.244
     0.361000      163.748
     0.362000      163.252
     0.363000      162.756
     0.364000      162.260
     0.365000      161.763
     0.366000      161.266
     0.367000      160.770
     0.368000      160.272
     0.369000      159.775
     0.370000      159.278
     0.371000      158.780
     0.372000      158.282
     0.373000      157.784
     0.374000      157.285
     0.375000      156.787
     0.376000      156.288
     0.377000      155.788
     0.378000      155.289
     0.379000      154.789
     0.380000      154.289
     0.381000      153.789
     0.382000      153.288
     0.383000      152.787
     0.384000      152.286
     0.385000      151.784
     0.386000      151.282
     0.387000      150.780
     0.388000      150.277
     0.389000      149.774
     0.390000      149.271
     0.391000      148.767
     0.392000      148.263
     0.393000      147.758
     0.394000      147.254
     0.395000      146.748
     0.396000      146.243
     0.397000      145.737
     0.398000      145.231
     0.399000      144.724
     0.400000      144.217
     0.401000      143.710
     0.402000      143.202
     0.403000      142.694
     0.404000      142.185
     0.405000      141.676
     0.406000      141.167
     0.407000      140.657
     0.408000      140.147
     0.409000      139.636
     0.410000      139.126
     0.411000      138.614
     0.412000      138.103
     0.413000      137.591
     0.414000      137.079
     0.415000      136.566
     0.416000      136.053
     0.417000      135.540
     0.418000      135.026
     0.419000      134.512
     0.420000      133.998
     0.421000      133.483
     0.422000      132.968
     0.423000      132.453
     0.424000      131.938
     0.425000      131.422
     0.426000      130.906
     0.427000      130.389
     0.428000      129.873
     0.429000      129.356
     0.430000      128.839
     0.431000      128.322
     0.432000      127.804
     0.433000      127.287
     0.434000      126.769
     0.435000      126.251
     0.436000      125.733
     0.437000      125.214
     0.438000      124.696
     0.439000      124.177
     0.440000      123.658
     0.441000      123.139
     0.442000      122.620
     0.443000      122.101
     0.444000      121.581
     0.445000      121.062
     0.446000      120.542
     0.447000      120.022
     0.448000      119.502
     0.449000      118.982
     0.450000      118.462
     0.451000      117.941
     0.452000      117.421
     0.453000      116.900
     0.454000      116.379
     0.455000      115.858
     0.456000      115.336
     0.457000      114.814
     0.458000      114.292
     0.459000      113.770
     0.460000      113.247
     0.461000      112.723
     0.462000      112.199
     0.463000      111.675
     0.464000      111.150
     0.465000      110.625
     0.466000      110.098
     0.467000      109.571
     0.468000      109.043
     0.469000      108.515
     0.470000      107.985
     0.471000      107.454
     0.472000      106.921
     0.473000      106.388
     0.474000      105.853
     0.475000      105.316
     0.476000      104.777
     0.477000      104.237
     0.478000      103.694
     0.479000      103.150
     0.480000      102.603
     0.481000      102.053
     0.482000      101.500
     0.483000      100.944
     0.484000      100.386
     0.485000      99.8067
     0.486000      99.2059
     0.487000      98.6458
     0.488000      98.1121
     0.489000      97.5933
     0.490000      97.0810
     0.491000      96.5685
     0.492000      96.0515
     0.493000      95.5270
     0.494000      94.9930
     0.495000      94.4491
     0.496000      93.8949
     0.497000      93.3313
     0.498000      92.7590
     0.499000      92.1794
     0.500000      91.5939
     0.501000      91.0038
     0.502000      90.4106
     0.503000      89.8157
     0.504000      89.2202
     0.505000      88.6252
     0.506000      88.0317
     0.507000      87.4403
     0.508000      86.8516
     0.509000      86.2658
     0.510000      85.6831
     0.511000      85.1035
     0.512000      84.5269
     0.513000      83.9529
     0.514000      83.3811
     0.515000      82.8111
     0.516000      82.2421
     0.517000      81.6738
     0.518000      81.1054
     0.519000      80.5362
     0.520000      79.9656
     0.521000      79.3931
     0.522000      78.8181
     0.523000      78.2401
     0.524000      77.6586
     0.525000      77.0733
     0.526000      76.4838
     0.527000      75.8901
     0.528000      75.2920
     0.529000      74.6894
     0.530000      74.0824
     0.531000      73.4711
     0.532000      72.8558
     0.533000      72.2366
     0.534000      71.6139
     0.535000      70.9880
     0.536000      70.3594
     0.537000      69.7284
     0.538000      69.0954
     0.539000      68.4609
     0.540000      67.8254
     0.541000      67.1891
     0.542000      66.5525
     0.543000      65.9159
     0.544000      65.2795
     0.545000      64.6435
     0.546000      64.0082
     0.547000      63.3736
     0.548000      62.7397
     0.549000      62.1064
     0.550000      61.4736
     0.551000      60.8411
     0.552000      60.2086
     0.553000      59.5757
     0.554000      58.9421
     0.555000      58.3072
     0.556000      57.6705
     0.557000      57.0315
     0.558000      56.3895
     0.559000      55.7441
     0.560000      55.0945
     0.561000      54.4402
     0.562000      53.7806
     0.563000      53.1152
     0.564000      52.4434
     0.565000      51.7649
     0.566000      51.0792
     0.567000      50.3862
     0.568000      49.6855
     0.569000      48.9772
     0.570000      48.2612
     0.571000      47.5376
     0.572000      46.8068
     0.573000      46.0691
     0.574000      45.3250
     0.575000      44.5750
     0.576000      43.8198
     0.577000      43.0603
     0.578000      42.2973
     0.579000      41.5318
     0.580000      40.7648
     0.581000      39.9972
     0.582000      39.2304
     0.583000      38.4653
     0.584000      37.7030
     0.585000      36.9446
     0.586000      36.1911
     0.587000      35.4436
     0.588000      34.7030
     0.589000      33.9703
     0.590000      33.2462
     0.591000      32.5317
     0.592000      31.8276
     0.593000      31.1350
     0.594000      30.4548
     0.595000      29.7883
     0.596000      29.1371
     0.597000      28.5032
     0.598000      27.8893
     0.599000      27.2986
     0.600000      26.7357
     0.601000      26.2063
     0.602000      25.7178
     0.603000      25.2795
     0.604000      24.9034
     0.605000      24.6042
     0.606000      24.4002
     0.607000      24.1306
     0.608000      24.0870
     0.609000      23.8553
     0.610000      23.5552
     0.611000      23.2587
     0.612000      23.0026
     0.613000      22.8001
     0.614000      22.6480
     0.615000      22.5339
     0.616000      22.4409
     0.617000      22.3510
     0.618000      22.2475
     0.619000      22.1169
     0.620000      21.9492
     0.621000      21.7383
     0.622000      21.4823
     0.623000      21.1824
     0.624000      20.8426
     0.625000      20.4694
     0.626000      20.0701
     0.627000      19.6530
     0.628000      19.2263
     0.629000      18.7977
     0.630000      18.3740
     0.631000      17.9605
     0.632000      17.5614
     0.633000      17.1793
     0.634000      16.8154
     0.635000      16.4698
     0.636000      16.1415
     0.637000      15.8291
     0.638000      15.5304
     0.639000      15.2436
     0.640000      14.9669
     0.641000      14.6991
     0.642000      14.4398
     0.643000      14.1893
     0.644000      13.9487
     0.645000      13.7199
     0.646000      13.5053
     0.647000      13.3074
     0.648000      13.1289
     0.649000      12.9716
     0.650000      12.8367
     0.651000      12.7238
     0.652000      12.6309
     0.653000      12.5544
     0.654000      12.4888
     0.655000      12.4278
     0.656000      12.3646
     0.657000      12.2939
     0.658000      12.2139
     0.659000      12.1299
     0.660000      12.0582
     0.661000      12.0320
     0.662000      12.1084
     0.663000      11.8801
     0.664000      11.8601
     0.665000      11.8283
     0.666000      11.7886
     0.667000      11.7442
     0.668000      11.6976
     0.669000      11.6507
     0.670000      11.6048
     0.671000      11.5610
     0.672000      11.5199
     0.673000      11.4820
     0.674000      11.4474
     0.675000      11.4162
     0.676000      11.3881
     0.677000      11.3631
     0.678000      11.3407
     0.679000      11.3206
     0.680000      11.3025
     0.681000      11.2861
     0.682000      11.2708
     0.683000      11.2565
     0.684000      11.2427
     0.685000      11.2292
     0.686000      11.2157
     0.687000      11.2021
     0.688000      11.1881
     0.689000      11.1736
     0.690000      11.1585
     0.691000      11.1428
     0.692000      11.1264
     0.693000      11.1095
     0.694000      11.0919
     0.695000      11.0739
     0.696000      11.0555
     0.697000      11.0368
     0.698000      11.0179
     0.699000      10.9991
     0.700000      10.9804
     0.701000      10.9620
     0.702000      10.9442
     0.703000      10.9269
     0.704000      10.9104
     0.705000      10.8947
     0.706000      10.8800
     0.707000      10.8664
     0.708000      10.8538
     0.709000      10.8423
     0.710000      10.8320
     0.711000      10.8226
     0.712000      10.8142
     0.713000      10.8066
     0.714000      10.7997
     0.715000      10.7932
     0.716000      10.7868
     0.717000      10.7803
     0.718000      10.7734
     0.719000      10.7656
     0.720000      10.7567
     0.721000      10.7463
     0.722000      10.7340
     0.723000      10.7194
     0.724000      10.7023
     0.725000      10.6825
     0.726000      10.6597
     0.727000      10.6341
     0.728000      10.6059
     0.729000      10.5753
     0.730000      10.5431
     0.731000      10.5103
     0.732000      10.4783
     0.733000      10.4490
     0.734000      10.4249
     0.735000     0.000000
     0.736000     0.000000
     0.737000     0.000000
     0.738000     0.000000
     0.739000     0.000000
     0.740000     0.000000
     0.741000     0.000000
     0.742000     0.000000
     0.743000     0.000000
     0.744000     0.000000
     0.745000     0.000000
     0.746000     0.000000
     0.747000     0.000000
     0.748000     0.000000
     0.749000     0.000000
     0.750000     0.000000
     0.751000     0.000000
     0.752000     0.000000
     0.753000     0.000000
     0.754000     0.000000
     0.755000     0.000000
     0.756000     0.000000
     0.757000     0.000000
     0.758000     0.000000
     0.759000     0.000000
     0.760000     0.000000
     0.761000     0.000000
     0.762000     0.000000
     0.763000     0.000000
     0.764000     0.000000
     0.765000     0.000000
     0.766000     0.000000
     0.767000     0.000000
     0.768000     0.000000
     0.769000     0.000000
     0.770000     0.000000
     0.771000     0.000000
     0.772000     0.000000
     0.773000     0.000000
     0.774000     0.000000
     0.775000     0.000000
     0.776000     0.000000
     0.777000     0.000000
     0.778000     0.000000
     0.779000     0.000000
     0.780000     0.000000
     0.781000     0.000000
     0.782000     0.000000
     0.783000     0.000000
     0.784000     0.000000
     0.785000     0.000000
     0.786000     0.000000
     0.787000     0.000000
     0.788000     0.000000
     0.789000     0.000000
     0.790000     0.000000
     0.791000     0.000000
     0.792000     0.000000
     0.793000     0.000000
     0.794000     0.000000
     0.795000     0.000000
     0.796000     0.000000
     0.797000     0.000000
     0.798000     0.000000
     0.799000     0.000000
