     0.000000         -NaN
   0.00100000         -NaN
   0.00200000         -NaN
   0.00300000         -NaN
   0.00400000         -NaN
   0.00500000         -NaN
   0.00600000         -NaN
   0.00700000         -NaN
   0.00800000         -NaN
   0.00900000         -NaN
    0.0100000         -NaN
    0.0110000         -NaN
    0.0120000         -NaN
    0.0130000         -NaN
    0.0140000         -NaN
    0.0150000         -NaN
    0.0160000         -NaN
    0.0170000         -NaN
    0.0180000         -NaN
    0.0190000         -NaN
    0.0200000         -NaN
    0.0210000         -NaN
    0.0220000         -NaN
    0.0230000         -NaN
    0.0240000         -NaN
    0.0250000         -NaN
    0.0260000         -NaN
    0.0270000         -NaN
    0.0280000         -NaN
    0.0290000         -NaN
    0.0300000         -NaN
    0.0310000         -NaN
    0.0320000         -NaN
    0.0330000         -NaN
    0.0340000         -NaN
    0.0350000         -NaN
    0.0360000         -NaN
    0.0370000         -NaN
    0.0380000         -NaN
    0.0390000         -NaN
    0.0400000         -NaN
    0.0410000         -NaN
    0.0420000         -NaN
    0.0430000         -NaN
    0.0440000         -NaN
    0.0450000         -NaN
    0.0460000         -NaN
    0.0470000         -NaN
    0.0480000         -NaN
    0.0490000         -NaN
    0.0500000         -NaN
    0.0510000         -NaN
    0.0520000         -NaN
    0.0530000         -NaN
    0.0540000         -NaN
    0.0550000         -NaN
    0.0560000         -NaN
    0.0570000         -NaN
    0.0580000         -NaN
    0.0590000         -NaN
    0.0600000         -NaN
    0.0610000         -NaN
    0.0620000         -NaN
    0.0630000         -NaN
    0.0640000         -NaN
    0.0650000         -NaN
    0.0660000         -NaN
    0.0670000         -NaN
    0.0680000         -NaN
    0.0690000         -NaN
    0.0700000         -NaN
    0.0710000         -NaN
    0.0720000         -NaN
    0.0730000         -NaN
    0.0740000         -NaN
    0.0750000         -NaN
    0.0760000         -NaN
    0.0770000         -NaN
    0.0780000         -NaN
    0.0790000         -NaN
    0.0800000         -NaN
    0.0810000         -NaN
    0.0820000         -NaN
    0.0830000         -NaN
    0.0840000         -NaN
    0.0850000         -NaN
    0.0860000         -NaN
    0.0870000         -NaN
    0.0880000         -NaN
    0.0890000         -NaN
    0.0900000         -NaN
    0.0910000         -NaN
    0.0920000         -NaN
    0.0930000         -NaN
    0.0940000         -NaN
    0.0950000         -NaN
    0.0960000         -NaN
    0.0970000         -NaN
    0.0980000         -NaN
    0.0990000         -NaN
     0.100000         -NaN
     0.101000         -NaN
     0.102000         -NaN
     0.103000      297.200
     0.104000      296.760
     0.105000      296.318
     0.106000      295.873
     0.107000      295.427
     0.108000      294.979
     0.109000      294.529
     0.110000      294.077
     0.111000      293.624
     0.112000      293.169
     0.113000      292.714
     0.114000      292.257
     0.115000      291.799
     0.116000      291.340
     0.117000      290.880
     0.118000      290.419
     0.119000      289.958
     0.120000      289.496
     0.121000      289.033
     0.122000      288.569
     0.123000      288.106
     0.124000      287.641
     0.125000      287.176
     0.126000      286.711
     0.127000      286.246
     0.128000      285.780
     0.129000      285.314
     0.130000      284.848
     0.131000      284.381
     0.132000      283.915
     0.133000      283.448
     0.134000      282.981
     0.135000      282.514
     0.136000      282.047
     0.137000      281.581
     0.138000      281.114
     0.139000      280.647
     0.140000      280.180
     0.141000      279.713
     0.142000      279.246
     0.143000      278.779
     0.144000      278.313
     0.145000      277.846
     0.146000      277.380
     0.147000      276.913
     0.148000      276.447
     0.149000      275.981
     0.150000      275.515
     0.151000      275.049
     0.152000      274.583
     0.153000      274.117
     0.154000      273.651
     0.155000      273.186
     0.156000      272.720
     0.157000      272.255
     0.158000      271.790
     0.159000      271.325
     0.160000      270.860
     0.161000      270.395
     0.162000      269.930
     0.163000      269.465
     0.164000      269.001
     0.165000      268.536
     0.166000      268.072
     0.167000      267.607
     0.168000      267.143
     0.169000      266.679
     0.170000      266.215
     0.171000      265.751
     0.172000      265.287
     0.173000      264.823
     0.174000      264.359
     0.175000      263.895
     0.176000      263.431
     0.177000      262.967
     0.178000      262.504
     0.179000      262.040
     0.180000      261.576
     0.181000      261.113
     0.182000      260.649
     0.183000      260.185
     0.184000      259.722
     0.185000      259.258
     0.186000      258.794
     0.187000      258.331
     0.188000      257.867
     0.189000      257.403
     0.190000      256.940
     0.191000      256.476
     0.192000      256.012
     0.193000      255.549
     0.194000      255.085
     0.195000      254.621
     0.196000      254.157
     0.197000      253.693
     0.198000      253.229
     0.199000      252.765
     0.200000      252.301
     0.201000      251.837
     0.202000      251.373
     0.203000      250.909
     0.204000      250.444
     0.205000      249.980
     0.206000      249.516
     0.207000      249.051
     0.208000      248.587
     0.209000      248.122
     0.210000      247.657
     0.211000      247.193
     0.212000      246.728
     0.213000      246.263
     0.214000      245.798
     0.215000      245.333
     0.216000      244.868
     0.217000      244.403
     0.218000      243.937
     0.219000      243.472
     0.220000      243.006
     0.221000      242.541
     0.222000      242.075
     0.223000      241.609
     0.224000      241.144
     0.225000      240.678
     0.226000      240.212
     0.227000      239.746
     0.228000      239.279
     0.229000      238.813
     0.230000      238.347
     0.231000      237.880
     0.232000      237.414
     0.233000      236.947
     0.234000      236.480
     0.235000      236.014
     0.236000      235.547
     0.237000      235.080
     0.238000      234.612
     0.239000      234.145
     0.240000      233.678
     0.241000      233.211
     0.242000      232.743
     0.243000      232.276
     0.244000      231.808
     0.245000      231.340
     0.246000      230.872
     0.247000      230.404
     0.248000      229.936
     0.249000      229.468
     0.250000      229.000
     0.251000      228.531
     0.252000      228.063
     0.253000      227.594
     0.254000      227.126
     0.255000      226.657
     0.256000      226.188
     0.257000      225.719
     0.258000      225.250
     0.259000      224.781
     0.260000      224.312
     0.261000      223.843
     0.262000      223.373
     0.263000      222.904
     0.264000      222.434
     0.265000      221.964
     0.266000      221.495
     0.267000      221.025
     0.268000      220.555
     0.269000      220.085
     0.270000      219.614
     0.271000      219.144
     0.272000      218.674
     0.273000      218.203
     0.274000      217.733
     0.275000      217.262
     0.276000      216.791
     0.277000      216.321
     0.278000      215.850
     0.279000      215.379
     0.280000      214.907
     0.281000      214.436
     0.282000      213.965
     0.283000      213.494
     0.284000      213.022
     0.285000      212.550
     0.286000      212.079
     0.287000      211.607
     0.288000      211.135
     0.289000      210.663
     0.290000      210.191
     0.291000      209.719
     0.292000      209.247
     0.293000      208.774
     0.294000      208.302
     0.295000      207.829
     0.296000      207.357
     0.297000      206.884
     0.298000      206.411
     0.299000      205.938
     0.300000      205.465
     0.301000      204.992
     0.302000      204.519
     0.303000      204.046
     0.304000      203.573
     0.305000      203.099
     0.306000      202.626
     0.307000      202.152
     0.308000      201.679
     0.309000      201.205
     0.310000      200.731
     0.311000      200.257
     0.312000      199.783
     0.313000      199.309
     0.314000      198.835
     0.315000      198.360
     0.316000      197.886
     0.317000      197.412
     0.318000      196.937
     0.319000      196.462
     0.320000      195.988
     0.321000      195.513
     0.322000      195.038
     0.323000      194.563
     0.324000      194.088
     0.325000      193.613
     0.326000      193.138
     0.327000      192.663
     0.328000      192.187
     0.329000      191.712
     0.330000      191.236
     0.331000      190.761
     0.332000      190.285
     0.333000      189.809
     0.334000      189.333
     0.335000      188.858
     0.336000      188.382
     0.337000      187.905
     0.338000      187.429
     0.339000      186.953
     0.340000      186.477
     0.341000      186.000
     0.342000      185.524
     0.343000      185.047
     0.344000      184.571
     0.345000      184.094
     0.346000      183.617
     0.347000      183.140
     0.348000      182.663
     0.349000      182.186
     0.350000      181.709
     0.351000      181.232
     0.352000      180.754
     0.353000      180.277
     0.354000      179.799
     0.355000      179.322
     0.356000      178.844
     0.357000      178.366
     0.358000      177.888
     0.359000      177.410
     0.360000      176.932
     0.361000      176.454
     0.362000      175.976
     0.363000      175.497
     0.364000      175.019
     0.365000      174.540
     0.366000      174.061
     0.367000      173.582
     0.368000      173.103
     0.369000      172.624
     0.370000      172.145
     0.371000      171.666
     0.372000      171.186
     0.373000      170.707
     0.374000      170.227
     0.375000      169.747
     0.376000      169.267
     0.377000      168.787
     0.378000      168.307
     0.379000      167.826
     0.380000      167.346
     0.381000      166.865
     0.382000      166.384
     0.383000      165.903
     0.384000      165.422
     0.385000      164.941
     0.386000      164.459
     0.387000      163.978
     0.388000      163.496
     0.389000      163.014
     0.390000      162.531
     0.391000      162.049
     0.392000      161.566
     0.393000      161.084
     0.394000      160.601
     0.395000      160.118
     0.396000      159.634
     0.397000      159.151
     0.398000      158.667
     0.399000      158.183
     0.400000      157.699
     0.401000      157.214
     0.402000      156.730
     0.403000      156.245
     0.404000      155.760
     0.405000      155.274
     0.406000      154.789
     0.407000      154.303
     0.408000      153.817
     0.409000      153.331
     0.410000      152.844
     0.411000      152.357
     0.412000      151.870
     0.413000      151.383
     0.414000      150.895
     0.415000      150.407
     0.416000      149.919
     0.417000      149.431
     0.418000      148.942
     0.419000      148.453
     0.420000      147.964
     0.421000      147.474
     0.422000      146.985
     0.423000      146.495
     0.424000      146.004
     0.425000      145.513
     0.426000      145.023
     0.427000      144.531
     0.428000      144.040
     0.429000      143.548
     0.430000      143.056
     0.431000      142.563
     0.432000      142.071
     0.433000      141.577
     0.434000      141.084
     0.435000      140.590
     0.436000      140.097
     0.437000      139.602
     0.438000      139.108
     0.439000      138.613
     0.440000      138.118
     0.441000      137.623
     0.442000      137.127
     0.443000      136.631
     0.444000      136.135
     0.445000      135.638
     0.446000      135.141
     0.447000      134.644
     0.448000      134.147
     0.449000      133.649
     0.450000      133.151
     0.451000      132.653
     0.452000      132.155
     0.453000      131.656
     0.454000      131.157
     0.455000      130.658
     0.456000      130.158
     0.457000      129.659
     0.458000      129.159
     0.459000      128.659
     0.460000      128.158
     0.461000      127.658
     0.462000      127.157
     0.463000      126.656
     0.464000      126.154
     0.465000      125.653
     0.466000      125.151
     0.467000      124.650
     0.468000      124.148
     0.469000      123.645
     0.470000      123.143
     0.471000      122.640
     0.472000      122.138
     0.473000      121.635
     0.474000      121.132
     0.475000      120.628
     0.476000      120.125
     0.477000      119.621
     0.478000      119.118
     0.479000      118.614
     0.480000      118.110
     0.481000      117.605
     0.482000      117.101
     0.483000      116.596
     0.484000      116.092
     0.485000      115.587
     0.486000      115.082
     0.487000      114.576
     0.488000      114.071
     0.489000      113.565
     0.490000      113.059
     0.491000      112.553
     0.492000      112.047
     0.493000      111.540
     0.494000      111.033
     0.495000      110.526
     0.496000      110.018
     0.497000      109.511
     0.498000      109.002
     0.499000      108.494
     0.500000      107.984
     0.501000      107.475
     0.502000      106.965
     0.503000      106.454
     0.504000      105.943
     0.505000      105.431
     0.506000      104.918
     0.507000      104.405
     0.508000      103.891
     0.509000      103.376
     0.510000      102.860
     0.511000      102.343
     0.512000      101.825
     0.513000      101.306
     0.514000      100.785
     0.515000      100.263
     0.516000      99.7363
     0.517000      99.2496
     0.518000      98.7820
     0.519000      98.3214
     0.520000      97.8597
     0.521000      97.3911
     0.522000      96.9123
     0.523000      96.4216
     0.524000      95.9184
     0.525000      95.4034
     0.526000      94.8775
     0.527000      94.3425
     0.528000      93.8001
     0.529000      93.2521
     0.530000      92.7005
     0.531000      92.1470
     0.532000      91.5931
     0.533000      91.0402
     0.534000      90.4892
     0.535000      89.9412
     0.536000      89.3967
     0.537000      88.8560
     0.538000      88.3193
     0.539000      87.7865
     0.540000      87.2575
     0.541000      86.7319
     0.542000      86.2092
     0.543000      85.6889
     0.544000      85.1703
     0.545000      84.6529
     0.546000      84.1361
     0.547000      83.6192
     0.548000      83.1016
     0.549000      82.5828
     0.550000      82.0624
     0.551000      81.5400
     0.552000      81.0152
     0.553000      80.4878
     0.554000      79.9577
     0.555000      79.4247
     0.556000      78.8890
     0.557000      78.3505
     0.558000      77.8094
     0.559000      77.2660
     0.560000      76.7204
     0.561000      76.1729
     0.562000      75.6238
     0.563000      75.0736
     0.564000      74.5225
     0.565000      73.9708
     0.566000      73.4189
     0.567000      72.8671
     0.568000      72.3156
     0.569000      71.7648
     0.570000      71.2147
     0.571000      70.6656
     0.572000      70.1176
     0.573000      69.5708
     0.574000      69.0251
     0.575000      68.4806
     0.576000      67.9370
     0.577000      67.3944
     0.578000      66.8526
     0.579000      66.3112
     0.580000      65.7702
     0.581000      65.2292
     0.582000      64.6880
     0.583000      64.1462
     0.584000      63.6036
     0.585000      63.0599
     0.586000      62.5147
     0.587000      61.9679
     0.588000      61.4192
     0.589000      60.8683
     0.590000      60.3151
     0.591000      59.7594
     0.592000      59.2012
     0.593000      58.6404
     0.594000      58.0769
     0.595000      57.5109
     0.596000      56.9424
     0.597000      56.3715
     0.598000      55.7985
     0.599000      55.2234
     0.600000      54.6465
     0.601000      54.0681
     0.602000      53.4885
     0.603000      52.9079
     0.604000      52.3265
     0.605000      51.7448
     0.606000      51.1629
     0.607000      50.5810
     0.608000      49.9993
     0.609000      49.4179
     0.610000      48.8369
     0.611000      48.2564
     0.612000      47.6763
     0.613000      47.0965
     0.614000      46.5168
     0.615000      45.9369
     0.616000      45.3566
     0.617000      44.7754
     0.618000      44.1929
     0.619000      43.6086
     0.620000      43.0220
     0.621000      42.4325
     0.622000      41.8397
     0.623000      41.2429
     0.624000      40.6416
     0.625000      40.0353
     0.626000      39.4237
     0.627000      38.8065
     0.628000      38.1834
     0.629000      37.5543
     0.630000      36.9193
     0.631000      36.2785
     0.632000      35.6322
     0.633000      34.9808
     0.634000      34.3245
     0.635000      33.6640
     0.636000      32.9996
     0.637000      32.3315
     0.638000      31.6597
     0.639000      30.9837
     0.640000      30.3025
     0.641000      29.6142
     0.642000      28.9156
     0.643000      28.2024
     0.644000      27.4681
     0.645000      26.7039
     0.646000      25.8983
     0.647000      25.0358
     0.648000      24.0972
     0.649000      24.0714
     0.650000      23.6646
     0.651000      23.2711
     0.652000      22.8883
     0.653000      22.5144
     0.654000      22.1485
     0.655000      21.7903
     0.656000      21.4399
     0.657000      21.0976
     0.658000      20.7643
     0.659000      20.4405
     0.660000      20.1269
     0.661000      19.8245
     0.662000      19.5337
     0.663000      19.2551
     0.664000      18.9893
     0.665000      18.7364
     0.666000      18.4966
     0.667000      18.2700
     0.668000      18.0563
     0.669000      17.8554
     0.670000      17.6670
     0.671000      17.4904
     0.672000      17.3252
     0.673000      17.1708
     0.674000      17.0264
     0.675000      16.8914
     0.676000      16.7651
     0.677000      16.6466
     0.678000      16.5353
     0.679000      16.4306
     0.680000      16.3316
     0.681000      16.2378
     0.682000      16.1486
     0.683000      16.0634
     0.684000      15.9818
     0.685000      15.9034
     0.686000      15.8278
     0.687000      15.7546
     0.688000      15.6838
     0.689000      15.6151
     0.690000      15.5483
     0.691000      15.4834
     0.692000      15.4203
     0.693000      15.3591
     0.694000      15.2997
     0.695000      15.2422
     0.696000      15.1867
     0.697000      15.1332
     0.698000      15.0818
     0.699000      15.0325
     0.700000      14.9855
     0.701000      14.9407
     0.702000      14.8982
     0.703000      14.8579
     0.704000      14.8198
     0.705000      14.7840
     0.706000      14.7501
     0.707000      14.7183
     0.708000      14.6882
     0.709000      14.6597
     0.710000      14.6327
     0.711000      14.6068
     0.712000      14.5818
     0.713000      14.5574
     0.714000      14.5334
     0.715000      14.5095
     0.716000      14.4853
     0.717000      14.4606
     0.718000      14.4350
     0.719000      14.4085
     0.720000      14.3806
     0.721000      14.3512
     0.722000      14.3201
     0.723000      14.2871
     0.724000      14.2521
     0.725000      14.2151
     0.726000      14.1759
     0.727000      14.1347
     0.728000      14.0913
     0.729000      14.0460
     0.730000      13.9987
     0.731000      13.9496
     0.732000      13.8989
     0.733000      13.8467
     0.734000      13.7932
     0.735000      13.7385
     0.736000      13.6828
     0.737000      13.6261
     0.738000      13.5686
     0.739000      13.5103
     0.740000      13.4513
     0.741000      13.3913
     0.742000      13.3304
     0.743000      13.2683
     0.744000      13.2048
     0.745000      13.1397
     0.746000      13.0726
     0.747000      13.0032
     0.748000      12.9312
     0.749000      12.8564
     0.750000      12.7788
     0.751000      12.6984
     0.752000      12.6156
     0.753000      12.5313
     0.754000      12.4466
     0.755000      12.3635
     0.756000      12.2847
     0.757000      12.2141
     0.758000      12.1566
     0.759000      12.1189
     0.760000     0.000000
     0.761000     0.000000
     0.762000     0.000000
     0.763000     0.000000
     0.764000     0.000000
     0.765000     0.000000
     0.766000     0.000000
     0.767000     0.000000
     0.768000     0.000000
     0.769000     0.000000
     0.770000     0.000000
     0.771000     0.000000
     0.772000     0.000000
     0.773000     0.000000
     0.774000     0.000000
     0.775000     0.000000
     0.776000     0.000000
     0.777000     0.000000
     0.778000     0.000000
     0.779000     0.000000
     0.780000     0.000000
     0.781000     0.000000
     0.782000     0.000000
     0.783000     0.000000
     0.784000     0.000000
     0.785000     0.000000
     0.786000     0.000000
     0.787000     0.000000
     0.788000     0.000000
     0.789000     0.000000
     0.790000     0.000000
     0.791000     0.000000
     0.792000     0.000000
     0.793000     0.000000
     0.794000     0.000000
     0.795000     0.000000
     0.796000     0.000000
     0.797000     0.000000
     0.798000     0.000000
     0.799000     0.000000
