     0.000000         -NaN
   0.00100000         -NaN
   0.00200000         -NaN
   0.00300000         -NaN
   0.00400000         -NaN
   0.00500000         -NaN
   0.00600000         -NaN
   0.00700000         -NaN
   0.00800000         -NaN
   0.00900000         -NaN
    0.0100000         -NaN
    0.0110000         -NaN
    0.0120000         -NaN
    0.0130000         -NaN
    0.0140000         -NaN
    0.0150000         -NaN
    0.0160000         -NaN
    0.0170000         -NaN
    0.0180000         -NaN
    0.0190000         -NaN
    0.0200000         -NaN
    0.0210000         -NaN
    0.0220000         -NaN
    0.0230000         -NaN
    0.0240000         -NaN
    0.0250000         -NaN
    0.0260000         -NaN
    0.0270000         -NaN
    0.0280000         -NaN
    0.0290000         -NaN
    0.0300000         -NaN
    0.0310000         -NaN
    0.0320000         -NaN
    0.0330000         -NaN
    0.0340000         -NaN
    0.0350000         -NaN
    0.0360000         -NaN
    0.0370000         -NaN
    0.0380000         -NaN
    0.0390000         -NaN
    0.0400000         -NaN
    0.0410000         -NaN
    0.0420000         -NaN
    0.0430000         -NaN
    0.0440000         -NaN
    0.0450000         -NaN
    0.0460000         -NaN
    0.0470000         -NaN
    0.0480000         -NaN
    0.0490000         -NaN
    0.0500000         -NaN
    0.0510000         -NaN
    0.0520000         -NaN
    0.0530000         -NaN
    0.0540000         -NaN
    0.0550000         -NaN
    0.0560000         -NaN
    0.0570000         -NaN
    0.0580000         -NaN
    0.0590000         -NaN
    0.0600000         -NaN
    0.0610000         -NaN
    0.0620000         -NaN
    0.0630000         -NaN
    0.0640000         -NaN
    0.0650000         -NaN
    0.0660000         -NaN
    0.0670000         -NaN
    0.0680000         -NaN
    0.0690000         -NaN
    0.0700000         -NaN
    0.0710000         -NaN
    0.0720000         -NaN
    0.0730000         -NaN
    0.0740000         -NaN
    0.0750000         -NaN
    0.0760000         -NaN
    0.0770000         -NaN
    0.0780000         -NaN
    0.0790000         -NaN
    0.0800000         -NaN
    0.0810000         -NaN
    0.0820000         -NaN
    0.0830000         -NaN
    0.0840000         -NaN
    0.0850000         -NaN
    0.0860000         -NaN
    0.0870000         -NaN
    0.0880000         -NaN
    0.0890000         -NaN
    0.0900000         -NaN
    0.0910000         -NaN
    0.0920000         -NaN
    0.0930000         -NaN
    0.0940000         -NaN
    0.0950000         -NaN
    0.0960000         -NaN
    0.0970000         -NaN
    0.0980000         -NaN
    0.0990000         -NaN
     0.100000         -NaN
     0.101000         -NaN
     0.102000         -NaN
     0.103000         -NaN
     0.104000      297.946
     0.105000      297.491
     0.106000      297.034
     0.107000      296.575
     0.108000      296.114
     0.109000      295.652
     0.110000      295.188
     0.111000      294.722
     0.112000      294.256
     0.113000      293.788
     0.114000      293.319
     0.115000      292.849
     0.116000      292.378
     0.117000      291.906
     0.118000      291.434
     0.119000      290.961
     0.120000      290.488
     0.121000      290.014
     0.122000      289.540
     0.123000      289.066
     0.124000      288.591
     0.125000      288.116
     0.126000      287.641
     0.127000      287.166
     0.128000      286.690
     0.129000      286.215
     0.130000      285.740
     0.131000      285.264
     0.132000      284.789
     0.133000      284.314
     0.134000      283.838
     0.135000      283.363
     0.136000      282.888
     0.137000      282.413
     0.138000      281.938
     0.139000      281.464
     0.140000      280.989
     0.141000      280.514
     0.142000      280.040
     0.143000      279.566
     0.144000      279.092
     0.145000      278.618
     0.146000      278.145
     0.147000      277.671
     0.148000      277.198
     0.149000      276.725
     0.150000      276.252
     0.151000      275.779
     0.152000      275.306
     0.153000      274.833
     0.154000      274.361
     0.155000      273.888
     0.156000      273.416
     0.157000      272.944
     0.158000      272.472
     0.159000      272.000
     0.160000      271.528
     0.161000      271.056
     0.162000      270.584
     0.163000      270.112
     0.164000      269.641
     0.165000      269.169
     0.166000      268.697
     0.167000      268.226
     0.168000      267.754
     0.169000      267.282
     0.170000      266.811
     0.171000      266.339
     0.172000      265.868
     0.173000      265.396
     0.174000      264.925
     0.175000      264.453
     0.176000      263.981
     0.177000      263.510
     0.178000      263.038
     0.179000      262.566
     0.180000      262.094
     0.181000      261.622
     0.182000      261.151
     0.183000      260.679
     0.184000      260.207
     0.185000      259.734
     0.186000      259.262
     0.187000      258.790
     0.188000      258.318
     0.189000      257.845
     0.190000      257.373
     0.191000      256.900
     0.192000      256.428
     0.193000      255.955
     0.194000      255.482
     0.195000      255.009
     0.196000      254.537
     0.197000      254.064
     0.198000      253.590
     0.199000      253.117
     0.200000      252.644
     0.201000      252.171
     0.202000      251.697
     0.203000      251.224
     0.204000      250.750
     0.205000      250.277
     0.206000      249.803
     0.207000      249.329
     0.208000      248.855
     0.209000      248.381
     0.210000      247.907
     0.211000      247.433
     0.212000      246.959
     0.213000      246.485
     0.214000      246.010
     0.215000      245.536
     0.216000      245.062
     0.217000      244.587
     0.218000      244.113
     0.219000      243.638
     0.220000      243.163
     0.221000      242.689
     0.222000      242.214
     0.223000      241.739
     0.224000      241.264
     0.225000      240.789
     0.226000      240.314
     0.227000      239.839
     0.228000      239.364
     0.229000      238.889
     0.230000      238.414
     0.231000      237.939
     0.232000      237.464
     0.233000      236.988
     0.234000      236.513
     0.235000      236.038
     0.236000      235.562
     0.237000      235.087
     0.238000      234.611
     0.239000      234.136
     0.240000      233.660
     0.241000      233.184
     0.242000      232.709
     0.243000      232.233
     0.244000      231.757
     0.245000      231.282
     0.246000      230.806
     0.247000      230.330
     0.248000      229.854
     0.249000      229.378
     0.250000      228.902
     0.251000      228.426
     0.252000      227.950
     0.253000      227.474
     0.254000      226.997
     0.255000      226.521
     0.256000      226.045
     0.257000      225.568
     0.258000      225.092
     0.259000      224.615
     0.260000      224.139
     0.261000      223.662
     0.262000      223.185
     0.263000      222.709
     0.264000      222.232
     0.265000      221.755
     0.266000      221.278
     0.267000      220.801
     0.268000      220.324
     0.269000      219.846
     0.270000      219.369
     0.271000      218.891
     0.272000      218.414
     0.273000      217.936
     0.274000      217.459
     0.275000      216.981
     0.276000      216.503
     0.277000      216.025
     0.278000      215.547
     0.279000      215.068
     0.280000      214.590
     0.281000      214.111
     0.282000      213.633
     0.283000      213.154
     0.284000      212.675
     0.285000      212.196
     0.286000      211.717
     0.287000      211.238
     0.288000      210.758
     0.289000      210.279
     0.290000      209.799
     0.291000      209.319
     0.292000      208.839
     0.293000      208.359
     0.294000      207.879
     0.295000      207.398
     0.296000      206.918
     0.297000      206.437
     0.298000      205.956
     0.299000      205.475
     0.300000      204.994
     0.301000      204.512
     0.302000      204.030
     0.303000      203.549
     0.304000      203.067
     0.305000      202.585
     0.306000      202.102
     0.307000      201.620
     0.308000      201.137
     0.309000      200.655
     0.310000      200.172
     0.311000      199.688
     0.312000      199.205
     0.313000      198.722
     0.314000      198.238
     0.315000      197.754
     0.316000      197.270
     0.317000      196.786
     0.318000      196.301
     0.319000      195.817
     0.320000      195.332
     0.321000      194.847
     0.322000      194.362
     0.323000      193.876
     0.324000      193.391
     0.325000      192.905
     0.326000      192.419
     0.327000      191.933
     0.328000      191.447
     0.329000      190.961
     0.330000      190.474
     0.331000      189.987
     0.332000      189.500
     0.333000      189.013
     0.334000      188.526
     0.335000      188.038
     0.336000      187.551
     0.337000      187.063
     0.338000      186.575
     0.339000      186.087
     0.340000      185.598
     0.341000      185.110
     0.342000      184.621
     0.343000      184.132
     0.344000      183.643
     0.345000      183.154
     0.346000      182.665
     0.347000      182.175
     0.348000      181.686
     0.349000      181.196
     0.350000      180.706
     0.351000      180.216
     0.352000      179.726
     0.353000      179.235
     0.354000      178.744
     0.355000      178.254
     0.356000      177.763
     0.357000      177.272
     0.358000      176.781
     0.359000      176.289
     0.360000      175.798
     0.361000      175.306
     0.362000      174.814
     0.363000      174.322
     0.364000      173.830
     0.365000      173.338
     0.366000      172.845
     0.367000      172.353
     0.368000      171.860
     0.369000      171.367
     0.370000      170.874
     0.371000      170.381
     0.372000      169.887
     0.373000      169.394
     0.374000      168.900
     0.375000      168.406
     0.376000      167.912
     0.377000      167.418
     0.378000      166.924
     0.379000      166.429
     0.380000      165.934
     0.381000      165.440
     0.382000      164.945
     0.383000      164.449
     0.384000      163.954
     0.385000      163.459
     0.386000      162.963
     0.387000      162.467
     0.388000      161.971
     0.389000      161.475
     0.390000      160.978
     0.391000      160.481
     0.392000      159.985
     0.393000      159.487
     0.394000      158.990
     0.395000      158.493
     0.396000      157.995
     0.397000      157.497
     0.398000      156.999
     0.399000      156.500
     0.400000      156.002
     0.401000      155.503
     0.402000      155.004
     0.403000      154.505
     0.404000      154.005
     0.405000      153.505
     0.406000      153.005
     0.407000      152.505
     0.408000      152.004
     0.409000      151.503
     0.410000      151.002
     0.411000      150.500
     0.412000      149.999
     0.413000      149.496
     0.414000      148.994
     0.415000      148.491
     0.416000      147.988
     0.417000      147.485
     0.418000      146.981
     0.419000      146.478
     0.420000      145.973
     0.421000      145.469
     0.422000      144.964
     0.423000      144.458
     0.424000      143.953
     0.425000      143.447
     0.426000      142.940
     0.427000      142.434
     0.428000      141.927
     0.429000      141.419
     0.430000      140.912
     0.431000      140.404
     0.432000      139.895
     0.433000      139.386
     0.434000      138.877
     0.435000      138.367
     0.436000      137.857
     0.437000      137.347
     0.438000      136.836
     0.439000      136.325
     0.440000      135.814
     0.441000      135.302
     0.442000      134.789
     0.443000      134.277
     0.444000      133.764
     0.445000      133.250
     0.446000      132.736
     0.447000      132.222
     0.448000      131.708
     0.449000      131.193
     0.450000      130.678
     0.451000      130.162
     0.452000      129.646
     0.453000      129.130
     0.454000      128.613
     0.455000      128.096
     0.456000      127.578
     0.457000      127.061
     0.458000      126.542
     0.459000      126.024
     0.460000      125.505
     0.461000      124.986
     0.462000      124.467
     0.463000      123.947
     0.464000      123.427
     0.465000      122.907
     0.466000      122.386
     0.467000      121.865
     0.468000      121.344
     0.469000      120.822
     0.470000      120.301
     0.471000      119.779
     0.472000      119.256
     0.473000      118.734
     0.474000      118.211
     0.475000      117.688
     0.476000      117.165
     0.477000      116.641
     0.478000      116.118
     0.479000      115.594
     0.480000      115.069
     0.481000      114.545
     0.482000      114.020
     0.483000      113.495
     0.484000      112.970
     0.485000      112.445
     0.486000      111.919
     0.487000      111.393
     0.488000      110.867
     0.489000      110.341
     0.490000      109.814
     0.491000      109.287
     0.492000      108.759
     0.493000      108.232
     0.494000      107.704
     0.495000      107.175
     0.496000      106.646
     0.497000      106.117
     0.498000      105.587
     0.499000      105.057
     0.500000      104.526
     0.501000      103.995
     0.502000      103.463
     0.503000      102.930
     0.504000      102.396
     0.505000      101.862
     0.506000      101.327
     0.507000      100.791
     0.508000      100.253
     0.509000      99.5451
     0.510000      99.0850
     0.511000      98.6024
     0.512000      98.1026
     0.513000      97.5897
     0.514000      97.0671
     0.515000      96.5371
     0.516000      96.0016
     0.517000      95.4620
     0.518000      94.9192
     0.519000      94.3741
     0.520000      93.8269
     0.521000      93.2781
     0.522000      92.7279
     0.523000      92.1765
     0.524000      91.6239
     0.525000      91.0702
     0.526000      90.5155
     0.527000      89.9598
     0.528000      89.4034
     0.529000      88.8461
     0.530000      88.2883
     0.531000      87.7299
     0.532000      87.1711
     0.533000      86.6120
     0.534000      86.0528
     0.535000      85.4937
     0.536000      84.9346
     0.537000      84.3757
     0.538000      83.8172
     0.539000      83.2589
     0.540000      82.7011
     0.541000      82.1437
     0.542000      81.5868
     0.543000      81.0302
     0.544000      80.4739
     0.545000      79.9180
     0.546000      79.3622
     0.547000      78.8064
     0.548000      78.2506
     0.549000      77.6945
     0.550000      77.1381
     0.551000      76.5812
     0.552000      76.0235
     0.553000      75.4650
     0.554000      74.9054
     0.555000      74.3447
     0.556000      73.7826
     0.557000      73.2191
     0.558000      72.6540
     0.559000      72.0871
     0.560000      71.5185
     0.561000      70.9481
     0.562000      70.3758
     0.563000      69.8016
     0.564000      69.2255
     0.565000      68.6475
     0.566000      68.0675
     0.567000      67.4858
     0.568000      66.9023
     0.569000      66.3171
     0.570000      65.7304
     0.571000      65.1421
     0.572000      64.5525
     0.573000      63.9616
     0.574000      63.3695
     0.575000      62.7763
     0.576000      62.1822
     0.577000      61.5872
     0.578000      60.9915
     0.579000      60.3951
     0.580000      59.7981
     0.581000      59.2005
     0.582000      58.6024
     0.583000      58.0039
     0.584000      57.4049
     0.585000      56.8054
     0.586000      56.2055
     0.587000      55.6051
     0.588000      55.0042
     0.589000      54.4028
     0.590000      53.8007
     0.591000      53.1981
     0.592000      52.5948
     0.593000      51.9908
     0.594000      51.3861
     0.595000      50.7806
     0.596000      50.1745
     0.597000      49.5677
     0.598000      48.9602
     0.599000      48.3522
     0.600000      47.7437
     0.601000      47.1349
     0.602000      46.5259
     0.603000      45.9170
     0.604000      45.3082
     0.605000      44.7000
     0.606000      44.0926
     0.607000      43.4863
     0.608000      42.8814
     0.609000      42.2782
     0.610000      41.6772
     0.611000      41.0785
     0.612000      40.4826
     0.613000      39.8897
     0.614000      39.3001
     0.615000      38.7140
     0.616000      38.1315
     0.617000      37.5527
     0.618000      36.9776
     0.619000      36.4061
     0.620000      35.8379
     0.621000      35.2727
     0.622000      34.7100
     0.623000      34.1493
     0.624000      33.5897
     0.625000      33.0305
     0.626000      32.4706
     0.627000      31.9093
     0.628000      31.3453
     0.629000      30.7775
     0.630000      30.2051
     0.631000      29.6270
     0.632000      29.0429
     0.633000      28.4522
     0.634000      27.8553
     0.635000      27.2530
     0.636000      26.6469
     0.637000      26.0400
     0.638000      25.4362
     0.639000      24.8413
     0.640000      24.3349
     0.641000      23.9336
     0.642000      23.5659
     0.643000      23.2250
     0.644000      22.9056
     0.645000      22.6030
     0.646000      22.3137
     0.647000      22.0349
     0.648000      21.7645
     0.649000      21.5009
     0.650000      21.2429
     0.651000      20.9897
     0.652000      20.7409
     0.653000      20.4962
     0.654000      20.2556
     0.655000      20.0193
     0.656000      19.7874
     0.657000      19.5602
     0.658000      19.3380
     0.659000      19.1213
     0.660000      18.9102
     0.661000      18.7051
     0.662000      18.5064
     0.663000      18.3141
     0.664000      18.1286
     0.665000      17.9500
     0.666000      17.7784
     0.667000      17.6137
     0.668000      17.4561
     0.669000      17.3054
     0.670000      17.1615
     0.671000      17.0243
     0.672000      16.8936
     0.673000      16.7691
     0.674000      16.6507
     0.675000      16.5380
     0.676000      16.4307
     0.677000      16.3286
     0.678000      16.2313
     0.679000      16.1385
     0.680000      16.0499
     0.681000      15.9651
     0.682000      15.8840
     0.683000      15.8061
     0.684000      15.7313
     0.685000      15.6592
     0.686000      15.5896
     0.687000      15.5223
     0.688000      15.4571
     0.689000      15.3938
     0.690000      15.3323
     0.691000      15.2724
     0.692000      15.2140
     0.693000      15.1570
     0.694000      15.1014
     0.695000      15.0470
     0.696000      14.9939
     0.697000      14.9421
     0.698000      14.8914
     0.699000      14.8419
     0.700000      14.7936
     0.701000      14.7466
     0.702000      14.7007
     0.703000      14.6562
     0.704000      14.6129
     0.705000      14.5708
     0.706000      14.5301
     0.707000      14.4907
     0.708000      14.4525
     0.709000      14.4157
     0.710000      14.3802
     0.711000      14.3459
     0.712000      14.3128
     0.713000      14.2810
     0.714000      14.2502
     0.715000      14.2206
     0.716000      14.1919
     0.717000      14.1641
     0.718000      14.1371
     0.719000      14.1108
     0.720000      14.0851
     0.721000      14.0598
     0.722000      14.0349
     0.723000      14.0102
     0.724000      13.9856
     0.725000      13.9610
     0.726000      13.9361
     0.727000      13.9110
     0.728000      13.8854
     0.729000      13.8592
     0.730000      13.8324
     0.731000      13.8048
     0.732000      13.7764
     0.733000      13.7469
     0.734000      13.7164
     0.735000      13.6849
     0.736000      13.6521
     0.737000      13.6181
     0.738000      13.5829
     0.739000      13.5464
     0.740000      13.5086
     0.741000      13.4695
     0.742000      13.4292
     0.743000      13.3875
     0.744000      13.3446
     0.745000      13.3004
     0.746000      13.2550
     0.747000      13.2084
     0.748000      13.1606
     0.749000      13.1117
     0.750000      13.0616
     0.751000      13.0103
     0.752000      12.9580
     0.753000      12.9045
     0.754000      12.8499
     0.755000      12.7942
     0.756000      12.7375
     0.757000      12.6797
     0.758000      12.6209
     0.759000      12.5612
     0.760000      12.5007
     0.761000      12.4397
     0.762000      12.3783
     0.763000      12.3170
     0.764000      12.2562
     0.765000      12.1966
     0.766000      12.1391
     0.767000      12.0846
     0.768000      12.0345
     0.769000      11.9907
     0.770000      11.8330
     0.771000      11.8421
     0.772000      11.7924
     0.773000      11.7046
     0.774000      11.6064
     0.775000      11.5167
     0.776000      11.4419
     0.777000      11.3787
     0.778000      11.3192
     0.779000      11.2559
     0.780000      11.1843
     0.781000      11.1043
     0.782000      11.0186
     0.783000      10.9314
     0.784000      10.8452
     0.785000      10.7608
     0.786000      10.6774
     0.787000      10.5956
     0.788000      10.5219
     0.789000      10.4735
     0.790000      10.4804
     0.791000     0.000000
     0.792000     0.000000
     0.793000     0.000000
     0.794000     0.000000
     0.795000     0.000000
     0.796000     0.000000
     0.797000     0.000000
     0.798000     0.000000
     0.799000     0.000000
